2022/09/26-14:39:10.315921 9a3c RocksDB version: 5.18.4
2022/09/26-14:39:10.316046 9a3c Git sha rocksdb_build_git_sha:@b9a4a10659969c71e6f6eab4e4bae8c36ede919f@
2022/09/26-14:39:10.316069 9a3c Compile date Mar 11 2020
2022/09/26-14:39:10.316093 9a3c DB SUMMARY
2022/09/26-14:39:10.316538 9a3c CURRENT file:  CURRENT
2022/09/26-14:39:10.316563 9a3c IDENTITY file:  IDENTITY
2022/09/26-14:39:10.316787 9a3c MANIFEST file:  MANIFEST-000027 size: 658 Bytes
2022/09/26-14:39:10.316829 9a3c SST files in C:\Users\jiangkai\Documents\CodeProject\springCloldAlibabaStudy\nacos\data\protocol\raft\naming_persistent_service_v2\log dir, Total Num: 12, files: 000006.sst 000008.sst 000010.sst 000012.sst 000014.sst 000016.sst 000018.sst 000020.sst 000022.sst 
2022/09/26-14:39:10.316966 9a3c Write Ahead Log file in C:\Users\jiangkai\Documents\CodeProject\springCloldAlibabaStudy\nacos\data\protocol\raft\naming_persistent_service_v2\log: 000029.log size: 817 ; 
2022/09/26-14:39:10.316982 9a3c                         Options.error_if_exists: 0
2022/09/26-14:39:10.316999 9a3c                       Options.create_if_missing: 1
2022/09/26-14:39:10.317002 9a3c                         Options.paranoid_checks: 1
2022/09/26-14:39:10.317005 9a3c                                     Options.env: 0000013D738082C0
2022/09/26-14:39:10.317008 9a3c                                Options.info_log: 0000013D7B5471B0
2022/09/26-14:39:10.317012 9a3c                Options.max_file_opening_threads: 16
2022/09/26-14:39:10.317015 9a3c                              Options.statistics: 0000013D78D509E0
2022/09/26-14:39:10.317018 9a3c                               Options.use_fsync: 0
2022/09/26-14:39:10.317021 9a3c                       Options.max_log_file_size: 0
2022/09/26-14:39:10.317024 9a3c                  Options.max_manifest_file_size: 1073741824
2022/09/26-14:39:10.317028 9a3c                   Options.log_file_time_to_roll: 0
2022/09/26-14:39:10.317031 9a3c                       Options.keep_log_file_num: 1000
2022/09/26-14:39:10.317034 9a3c                    Options.recycle_log_file_num: 0
2022/09/26-14:39:10.317037 9a3c                         Options.allow_fallocate: 1
2022/09/26-14:39:10.317041 9a3c                        Options.allow_mmap_reads: 0
2022/09/26-14:39:10.317044 9a3c                       Options.allow_mmap_writes: 0
2022/09/26-14:39:10.317047 9a3c                        Options.use_direct_reads: 0
2022/09/26-14:39:10.317050 9a3c                        Options.use_direct_io_for_flush_and_compaction: 0
2022/09/26-14:39:10.317053 9a3c          Options.create_missing_column_families: 1
2022/09/26-14:39:10.317056 9a3c                              Options.db_log_dir: 
2022/09/26-14:39:10.317059 9a3c                                 Options.wal_dir: C:\Users\jiangkai\Documents\CodeProject\springCloldAlibabaStudy\nacos\data\protocol\raft\naming_persistent_service_v2\log
2022/09/26-14:39:10.317063 9a3c                Options.table_cache_numshardbits: 6
2022/09/26-14:39:10.317066 9a3c                      Options.max_subcompactions: 1
2022/09/26-14:39:10.317069 9a3c                  Options.max_background_flushes: 1
2022/09/26-14:39:10.317072 9a3c                         Options.WAL_ttl_seconds: 0
2022/09/26-14:39:10.317075 9a3c                       Options.WAL_size_limit_MB: 0
2022/09/26-14:39:10.317078 9a3c             Options.manifest_preallocation_size: 4194304
2022/09/26-14:39:10.317083 9a3c                     Options.is_fd_close_on_exec: 1
2022/09/26-14:39:10.317086 9a3c                   Options.advise_random_on_open: 1
2022/09/26-14:39:10.317089 9a3c                    Options.db_write_buffer_size: 0
2022/09/26-14:39:10.317093 9a3c                    Options.write_buffer_manager: 0000013D7A8DA3E0
2022/09/26-14:39:10.317124 9a3c         Options.access_hint_on_compaction_start: 1
2022/09/26-14:39:10.317133 9a3c  Options.new_table_reader_for_compaction_inputs: 0
2022/09/26-14:39:10.317138 9a3c           Options.random_access_max_buffer_size: 1048576
2022/09/26-14:39:10.317142 9a3c                      Options.use_adaptive_mutex: 0
2022/09/26-14:39:10.317147 9a3c                            Options.rate_limiter: 0000000000000000
2022/09/26-14:39:10.317192 9a3c     Options.sst_file_manager.rate_bytes_per_sec: 0
2022/09/26-14:39:10.317202 9a3c                       Options.wal_recovery_mode: 2
2022/09/26-14:39:10.317206 9a3c                  Options.enable_thread_tracking: 0
2022/09/26-14:39:10.317211 9a3c                  Options.enable_pipelined_write: 0
2022/09/26-14:39:10.317215 9a3c         Options.allow_concurrent_memtable_write: 1
2022/09/26-14:39:10.317220 9a3c      Options.enable_write_thread_adaptive_yield: 1
2022/09/26-14:39:10.317224 9a3c             Options.write_thread_max_yield_usec: 100
2022/09/26-14:39:10.317228 9a3c            Options.write_thread_slow_yield_usec: 3
2022/09/26-14:39:10.317233 9a3c                               Options.row_cache: None
2022/09/26-14:39:10.317237 9a3c                              Options.wal_filter: None
2022/09/26-14:39:10.317242 9a3c             Options.avoid_flush_during_recovery: 0
2022/09/26-14:39:10.317246 9a3c             Options.allow_ingest_behind: 0
2022/09/26-14:39:10.317250 9a3c             Options.preserve_deletes: 0
2022/09/26-14:39:10.317255 9a3c             Options.two_write_queues: 0
2022/09/26-14:39:10.317259 9a3c             Options.manual_wal_flush: 0
2022/09/26-14:39:10.317264 9a3c             Options.max_background_jobs: 2
2022/09/26-14:39:10.317268 9a3c             Options.max_background_compactions: 4
2022/09/26-14:39:10.317272 9a3c             Options.avoid_flush_during_shutdown: 0
2022/09/26-14:39:10.317277 9a3c           Options.writable_file_max_buffer_size: 1048576
2022/09/26-14:39:10.317281 9a3c             Options.delayed_write_rate : 16777216
2022/09/26-14:39:10.317286 9a3c             Options.max_total_wal_size: 0
2022/09/26-14:39:10.317290 9a3c             Options.delete_obsolete_files_period_micros: 21600000000
2022/09/26-14:39:10.317295 9a3c                   Options.stats_dump_period_sec: 600
2022/09/26-14:39:10.317299 9a3c                          Options.max_open_files: -1
2022/09/26-14:39:10.317304 9a3c                          Options.bytes_per_sync: 0
2022/09/26-14:39:10.317308 9a3c                      Options.wal_bytes_per_sync: 0
2022/09/26-14:39:10.317312 9a3c       Options.compaction_readahead_size: 0
2022/09/26-14:39:10.317317 9a3c Compression algorithms supported:
2022/09/26-14:39:10.317322 9a3c 	kZSTD supported: 1
2022/09/26-14:39:10.317326 9a3c 	kSnappyCompression supported: 1
2022/09/26-14:39:10.317330 9a3c 	kBZip2Compression supported: 0
2022/09/26-14:39:10.317334 9a3c 	kZlibCompression supported: 1
2022/09/26-14:39:10.317338 9a3c 	kLZ4Compression supported: 1
2022/09/26-14:39:10.317342 9a3c 	kXpressCompression supported: 0
2022/09/26-14:39:10.317347 9a3c 	kLZ4HCCompression supported: 1
2022/09/26-14:39:10.317351 9a3c 	kZSTDNotFinalCompression supported: 1
2022/09/26-14:39:10.317367 9a3c Fast CRC32 supported: Supported on x86
2022/09/26-14:39:10.318629 9a3c [db\version_set.cc:3508] Recovering from manifest file: MANIFEST-000027
2022/09/26-14:39:10.318895 9a3c [db\column_family.cc:474] --------------- Options for column family [default]:
2022/09/26-14:39:10.318909 9a3c               Options.comparator: leveldb.BytewiseComparator
2022/09/26-14:39:10.318913 9a3c           Options.merge_operator: StringAppendOperator
2022/09/26-14:39:10.318916 9a3c        Options.compaction_filter: None
2022/09/26-14:39:10.318919 9a3c        Options.compaction_filter_factory: None
2022/09/26-14:39:10.318922 9a3c         Options.memtable_factory: SkipListFactory
2022/09/26-14:39:10.318925 9a3c            Options.table_factory: BlockBasedTable
2022/09/26-14:39:10.318958 9a3c            table_factory options:   flush_block_policy_factory: FlushBlockBySizePolicyFactory (0000013D78B915A0)
  cache_index_and_filter_blocks: 0
  cache_index_and_filter_blocks_with_high_priority: 1
  pin_l0_filter_and_index_blocks_in_cache: 1
  pin_top_level_index_and_filter: 1
  index_type: 2
  hash_index_allow_collision: 1
  checksum: 1
  no_block_cache: 0
  block_cache: 0000013D78FD1700
  block_cache_name: LRUCache
  block_cache_options:
    capacity : 536870912
    num_shard_bits : 8
    strict_capacity_limit : 0
    memory_allocator : None
    high_pri_pool_ratio: 0.000
  block_cache_compressed: 0000000000000000
  persistent_cache: 0000000000000000
  block_size: 4096
  block_size_deviation: 10
  block_restart_interval: 16
  index_block_restart_interval: 1
  metadata_block_size: 8192
  partition_filters: 1
  use_delta_encoding: 1
  filter_policy: nullptr
  whole_key_filtering: 1
  verify_compression: 0
  read_amp_bytes_per_bit: 0
  format_version: 0
  enable_index_compression: 1
  block_align: 0
2022/09/26-14:39:10.318999 9a3c        Options.write_buffer_size: 67108864
2022/09/26-14:39:10.319004 9a3c  Options.max_write_buffer_number: 3
2022/09/26-14:39:10.319008 9a3c          Options.compression: Snappy
2022/09/26-14:39:10.319011 9a3c                  Options.bottommost_compression: Disabled
2022/09/26-14:39:10.319014 9a3c       Options.prefix_extractor: rocksdb.FixedPrefix.8
2022/09/26-14:39:10.319018 9a3c   Options.memtable_insert_with_hint_prefix_extractor: nullptr
2022/09/26-14:39:10.319021 9a3c             Options.num_levels: 7
2022/09/26-14:39:10.319024 9a3c        Options.min_write_buffer_number_to_merge: 1
2022/09/26-14:39:10.319027 9a3c     Options.max_write_buffer_number_to_maintain: 0
2022/09/26-14:39:10.319030 9a3c            Options.bottommost_compression_opts.window_bits: -14
2022/09/26-14:39:10.319033 9a3c                  Options.bottommost_compression_opts.level: 32767
2022/09/26-14:39:10.319036 9a3c               Options.bottommost_compression_opts.strategy: 0
2022/09/26-14:39:10.319040 9a3c         Options.bottommost_compression_opts.max_dict_bytes: 0
2022/09/26-14:39:10.319043 9a3c         Options.bottommost_compression_opts.zstd_max_train_bytes: 0
2022/09/26-14:39:10.319046 9a3c                  Options.bottommost_compression_opts.enabled: false
2022/09/26-14:39:10.319049 9a3c            Options.compression_opts.window_bits: -14
2022/09/26-14:39:10.319052 9a3c                  Options.compression_opts.level: 32767
2022/09/26-14:39:10.319055 9a3c               Options.compression_opts.strategy: 0
2022/09/26-14:39:10.319058 9a3c         Options.compression_opts.max_dict_bytes: 0
2022/09/26-14:39:10.319061 9a3c         Options.compression_opts.zstd_max_train_bytes: 0
2022/09/26-14:39:10.319065 9a3c                  Options.compression_opts.enabled: false
2022/09/26-14:39:10.319068 9a3c      Options.level0_file_num_compaction_trigger: 10
2022/09/26-14:39:10.319071 9a3c          Options.level0_slowdown_writes_trigger: 20
2022/09/26-14:39:10.319074 9a3c              Options.level0_stop_writes_trigger: 40
2022/09/26-14:39:10.319077 9a3c                   Options.target_file_size_base: 67108864
2022/09/26-14:39:10.319080 9a3c             Options.target_file_size_multiplier: 1
2022/09/26-14:39:10.319083 9a3c                Options.max_bytes_for_level_base: 536870912
2022/09/26-14:39:10.319086 9a3c Options.level_compaction_dynamic_level_bytes: 0
2022/09/26-14:39:10.319089 9a3c          Options.max_bytes_for_level_multiplier: 10.000000
2022/09/26-14:39:10.319100 9a3c Options.max_bytes_for_level_multiplier_addtl[0]: 1
2022/09/26-14:39:10.319104 9a3c Options.max_bytes_for_level_multiplier_addtl[1]: 1
2022/09/26-14:39:10.319107 9a3c Options.max_bytes_for_level_multiplier_addtl[2]: 1
2022/09/26-14:39:10.319110 9a3c Options.max_bytes_for_level_multiplier_addtl[3]: 1
2022/09/26-14:39:10.319113 9a3c Options.max_bytes_for_level_multiplier_addtl[4]: 1
2022/09/26-14:39:10.319116 9a3c Options.max_bytes_for_level_multiplier_addtl[5]: 1
2022/09/26-14:39:10.319119 9a3c Options.max_bytes_for_level_multiplier_addtl[6]: 1
2022/09/26-14:39:10.319122 9a3c       Options.max_sequential_skip_in_iterations: 8
2022/09/26-14:39:10.319126 9a3c                    Options.max_compaction_bytes: 1677721600
2022/09/26-14:39:10.319129 9a3c                        Options.arena_block_size: 8388608
2022/09/26-14:39:10.319132 9a3c   Options.soft_pending_compaction_bytes_limit: 68719476736
2022/09/26-14:39:10.319135 9a3c   Options.hard_pending_compaction_bytes_limit: 274877906944
2022/09/26-14:39:10.319140 9a3c       Options.rate_limit_delay_max_milliseconds: 100
2022/09/26-14:39:10.319143 9a3c                Options.disable_auto_compactions: 0
2022/09/26-14:39:10.319147 9a3c                        Options.compaction_style: kCompactionStyleLevel
2022/09/26-14:39:10.319151 9a3c                          Options.compaction_pri: kByCompensatedSize
2022/09/26-14:39:10.319154 9a3c Options.compaction_options_universal.size_ratio: 1
2022/09/26-14:39:10.319157 9a3c Options.compaction_options_universal.min_merge_width: 2
2022/09/26-14:39:10.319161 9a3c Options.compaction_options_universal.max_merge_width: 4294967295
2022/09/26-14:39:10.319164 9a3c Options.compaction_options_universal.max_size_amplification_percent: 200
2022/09/26-14:39:10.319167 9a3c Options.compaction_options_universal.compression_size_percent: -1
2022/09/26-14:39:10.319171 9a3c Options.compaction_options_universal.stop_style: kCompactionStopStyleTotalSize
2022/09/26-14:39:10.319174 9a3c Options.compaction_options_fifo.max_table_files_size: 1073741824
2022/09/26-14:39:10.319177 9a3c Options.compaction_options_fifo.allow_compaction: 0
2022/09/26-14:39:10.319180 9a3c Options.compaction_options_fifo.ttl: 0
2022/09/26-14:39:10.319183 9a3c                   Options.table_properties_collectors: 
2022/09/26-14:39:10.319186 9a3c                   Options.inplace_update_support: 0
2022/09/26-14:39:10.319189 9a3c                 Options.inplace_update_num_locks: 10000
2022/09/26-14:39:10.319193 9a3c               Options.memtable_prefix_bloom_size_ratio: 0.125000
2022/09/26-14:39:10.319197 9a3c   Options.memtable_huge_page_size: 0
2022/09/26-14:39:10.319200 9a3c                           Options.bloom_locality: 0
2022/09/26-14:39:10.319203 9a3c                    Options.max_successive_merges: 0
2022/09/26-14:39:10.319206 9a3c                Options.optimize_filters_for_hits: 0
2022/09/26-14:39:10.319209 9a3c                Options.paranoid_file_checks: 0
2022/09/26-14:39:10.319212 9a3c                Options.force_consistency_checks: 1
2022/09/26-14:39:10.319215 9a3c                Options.report_bg_io_stats: 0
2022/09/26-14:39:10.319218 9a3c                               Options.ttl: 0
2022/09/26-14:39:10.321955 9a3c [db\column_family.cc:474] --------------- Options for column family [Configuration]:
2022/09/26-14:39:10.321982 9a3c               Options.comparator: leveldb.BytewiseComparator
2022/09/26-14:39:10.321987 9a3c           Options.merge_operator: StringAppendOperator
2022/09/26-14:39:10.321991 9a3c        Options.compaction_filter: None
2022/09/26-14:39:10.321994 9a3c        Options.compaction_filter_factory: None
2022/09/26-14:39:10.321997 9a3c         Options.memtable_factory: SkipListFactory
2022/09/26-14:39:10.322001 9a3c            Options.table_factory: BlockBasedTable
2022/09/26-14:39:10.322036 9a3c            table_factory options:   flush_block_policy_factory: FlushBlockBySizePolicyFactory (0000013D78B915A0)
  cache_index_and_filter_blocks: 0
  cache_index_and_filter_blocks_with_high_priority: 1
  pin_l0_filter_and_index_blocks_in_cache: 1
  pin_top_level_index_and_filter: 1
  index_type: 2
  hash_index_allow_collision: 1
  checksum: 1
  no_block_cache: 0
  block_cache: 0000013D78FD1700
  block_cache_name: LRUCache
  block_cache_options:
    capacity : 536870912
    num_shard_bits : 8
    strict_capacity_limit : 0
    memory_allocator : None
    high_pri_pool_ratio: 0.000
  block_cache_compressed: 0000000000000000
  persistent_cache: 0000000000000000
  block_size: 4096
  block_size_deviation: 10
  block_restart_interval: 16
  index_block_restart_interval: 1
  metadata_block_size: 8192
  partition_filters: 1
  use_delta_encoding: 1
  filter_policy: nullptr
  whole_key_filtering: 1
  verify_compression: 0
  read_amp_bytes_per_bit: 0
  format_version: 0
  enable_index_compression: 1
  block_align: 0
2022/09/26-14:39:10.322040 9a3c        Options.write_buffer_size: 67108864
2022/09/26-14:39:10.322044 9a3c  Options.max_write_buffer_number: 3
2022/09/26-14:39:10.322047 9a3c          Options.compression: Snappy
2022/09/26-14:39:10.322108 9a3c                  Options.bottommost_compression: Disabled
2022/09/26-14:39:10.322113 9a3c       Options.prefix_extractor: rocksdb.FixedPrefix.8
2022/09/26-14:39:10.322117 9a3c   Options.memtable_insert_with_hint_prefix_extractor: nullptr
2022/09/26-14:39:10.322120 9a3c             Options.num_levels: 7
2022/09/26-14:39:10.322123 9a3c        Options.min_write_buffer_number_to_merge: 1
2022/09/26-14:39:10.322126 9a3c     Options.max_write_buffer_number_to_maintain: 0
2022/09/26-14:39:10.322129 9a3c            Options.bottommost_compression_opts.window_bits: -14
2022/09/26-14:39:10.322133 9a3c                  Options.bottommost_compression_opts.level: 32767
2022/09/26-14:39:10.322136 9a3c               Options.bottommost_compression_opts.strategy: 0
2022/09/26-14:39:10.322139 9a3c         Options.bottommost_compression_opts.max_dict_bytes: 0
2022/09/26-14:39:10.322142 9a3c         Options.bottommost_compression_opts.zstd_max_train_bytes: 0
2022/09/26-14:39:10.322145 9a3c                  Options.bottommost_compression_opts.enabled: false
2022/09/26-14:39:10.322149 9a3c            Options.compression_opts.window_bits: -14
2022/09/26-14:39:10.322152 9a3c                  Options.compression_opts.level: 32767
2022/09/26-14:39:10.322155 9a3c               Options.compression_opts.strategy: 0
2022/09/26-14:39:10.322158 9a3c         Options.compression_opts.max_dict_bytes: 0
2022/09/26-14:39:10.322161 9a3c         Options.compression_opts.zstd_max_train_bytes: 0
2022/09/26-14:39:10.322164 9a3c                  Options.compression_opts.enabled: false
2022/09/26-14:39:10.322167 9a3c      Options.level0_file_num_compaction_trigger: 10
2022/09/26-14:39:10.322170 9a3c          Options.level0_slowdown_writes_trigger: 20
2022/09/26-14:39:10.322173 9a3c              Options.level0_stop_writes_trigger: 40
2022/09/26-14:39:10.322176 9a3c                   Options.target_file_size_base: 67108864
2022/09/26-14:39:10.322179 9a3c             Options.target_file_size_multiplier: 1
2022/09/26-14:39:10.322183 9a3c                Options.max_bytes_for_level_base: 536870912
2022/09/26-14:39:10.322186 9a3c Options.level_compaction_dynamic_level_bytes: 0
2022/09/26-14:39:10.322189 9a3c          Options.max_bytes_for_level_multiplier: 10.000000
2022/09/26-14:39:10.322195 9a3c Options.max_bytes_for_level_multiplier_addtl[0]: 1
2022/09/26-14:39:10.322198 9a3c Options.max_bytes_for_level_multiplier_addtl[1]: 1
2022/09/26-14:39:10.322201 9a3c Options.max_bytes_for_level_multiplier_addtl[2]: 1
2022/09/26-14:39:10.322204 9a3c Options.max_bytes_for_level_multiplier_addtl[3]: 1
2022/09/26-14:39:10.322208 9a3c Options.max_bytes_for_level_multiplier_addtl[4]: 1
2022/09/26-14:39:10.322211 9a3c Options.max_bytes_for_level_multiplier_addtl[5]: 1
2022/09/26-14:39:10.322214 9a3c Options.max_bytes_for_level_multiplier_addtl[6]: 1
2022/09/26-14:39:10.322217 9a3c       Options.max_sequential_skip_in_iterations: 8
2022/09/26-14:39:10.322220 9a3c                    Options.max_compaction_bytes: 1677721600
2022/09/26-14:39:10.322223 9a3c                        Options.arena_block_size: 8388608
2022/09/26-14:39:10.322226 9a3c   Options.soft_pending_compaction_bytes_limit: 68719476736
2022/09/26-14:39:10.322229 9a3c   Options.hard_pending_compaction_bytes_limit: 274877906944
2022/09/26-14:39:10.322233 9a3c       Options.rate_limit_delay_max_milliseconds: 100
2022/09/26-14:39:10.322236 9a3c                Options.disable_auto_compactions: 0
2022/09/26-14:39:10.322240 9a3c                        Options.compaction_style: kCompactionStyleLevel
2022/09/26-14:39:10.322244 9a3c                          Options.compaction_pri: kByCompensatedSize
2022/09/26-14:39:10.322247 9a3c Options.compaction_options_universal.size_ratio: 1
2022/09/26-14:39:10.322250 9a3c Options.compaction_options_universal.min_merge_width: 2
2022/09/26-14:39:10.322253 9a3c Options.compaction_options_universal.max_merge_width: 4294967295
2022/09/26-14:39:10.322256 9a3c Options.compaction_options_universal.max_size_amplification_percent: 200
2022/09/26-14:39:10.322260 9a3c Options.compaction_options_universal.compression_size_percent: -1
2022/09/26-14:39:10.322267 9a3c Options.compaction_options_universal.stop_style: kCompactionStopStyleTotalSize
2022/09/26-14:39:10.322271 9a3c Options.compaction_options_fifo.max_table_files_size: 1073741824
2022/09/26-14:39:10.322274 9a3c Options.compaction_options_fifo.allow_compaction: 0
2022/09/26-14:39:10.322277 9a3c Options.compaction_options_fifo.ttl: 0
2022/09/26-14:39:10.322280 9a3c                   Options.table_properties_collectors: 
2022/09/26-14:39:10.322284 9a3c                   Options.inplace_update_support: 0
2022/09/26-14:39:10.322287 9a3c                 Options.inplace_update_num_locks: 10000
2022/09/26-14:39:10.322290 9a3c               Options.memtable_prefix_bloom_size_ratio: 0.125000
2022/09/26-14:39:10.322294 9a3c   Options.memtable_huge_page_size: 0
2022/09/26-14:39:10.322297 9a3c                           Options.bloom_locality: 0
2022/09/26-14:39:10.322300 9a3c                    Options.max_successive_merges: 0
2022/09/26-14:39:10.322303 9a3c                Options.optimize_filters_for_hits: 0
2022/09/26-14:39:10.322306 9a3c                Options.paranoid_file_checks: 0
2022/09/26-14:39:10.322309 9a3c                Options.force_consistency_checks: 1
2022/09/26-14:39:10.322313 9a3c                Options.report_bg_io_stats: 0
2022/09/26-14:39:10.322316 9a3c                               Options.ttl: 0
2022/09/26-14:39:10.328846 9a3c [db\version_set.cc:3724] Recovered from manifest file:C:\Users\jiangkai\Documents\CodeProject\springCloldAlibabaStudy\nacos\data\protocol\raft\naming_persistent_service_v2\log/MANIFEST-000027 succeeded,manifest_file_number is 27, next_file_number is 30, last_sequence is 45, log_number is 0,prev_log_number is 0,max_column_family is 1,min_log_number_to_keep is 0
2022/09/26-14:39:10.328865 9a3c [db\version_set.cc:3732] Column family [default] (ID 0), log number is 26
2022/09/26-14:39:10.328869 9a3c [db\version_set.cc:3732] Column family [Configuration] (ID 1), log number is 26
2022/09/26-14:39:10.330246 9a3c EVENT_LOG_v1 {"time_micros": 1664174350329565, "job": 1, "event": "recovery_started", "log_files": [29]}
2022/09/26-14:39:10.330268 9a3c [db\db_impl_open.cc:578] Recovering log #29 mode 2
2022/09/26-14:39:10.333552 9a3c EVENT_LOG_v1 {"time_micros": 1664174350333532, "cf_name": "default", "job": 1, "event": "table_file_creation", "file_number": 30, "file_size": 747, "table_properties": {"data_size": 0, "index_size": 13, "filter_size": 0, "raw_key_size": 32, "raw_average_key_size": 0, "raw_value_size": 16, "raw_average_value_size": 0, "num_data_blocks": 0, "num_entries": 0, "filter_policy_name": ""}}
2022/09/26-14:39:10.336535 9a3c [db\version_set.cc:3037] Creating manifest 31
2022/09/26-14:39:10.344985 9a3c EVENT_LOG_v1 {"time_micros": 1664174350344965, "cf_name": "Configuration", "job": 1, "event": "table_file_creation", "file_number": 32, "file_size": 877, "table_properties": {"data_size": 44, "index_size": 49, "filter_size": 0, "raw_key_size": 58, "raw_average_key_size": 58, "raw_value_size": 24, "raw_average_value_size": 24, "num_data_blocks": 1, "num_entries": 1, "filter_policy_name": ""}}
2022/09/26-14:39:10.348795 9a3c EVENT_LOG_v1 {"time_micros": 1664174350348786, "job": 1, "event": "recovery_finished"}
2022/09/26-14:39:10.357133 9a3c [db\db_impl_open.cc:1314] DB pointer 0000013D75BC2580
2022/09/26-14:39:10.357904 91a4 [WARN] [db\db_impl.cc:669] ------- DUMPING STATS -------
2022/09/26-14:39:10.357938 91a4 [WARN] [db\db_impl.cc:670] 
** DB Stats **
Uptime(secs): 0.0 total, 0.0 interval
Cumulative writes: 0 writes, 0 keys, 0 commit groups, 0.0 writes per commit group, ingest: 0.00 GB, 0.00 MB/s
Cumulative WAL: 0 writes, 0 syncs, 0.00 writes per sync, written: 0.00 GB, 0.00 MB/s
Cumulative stall: 00:00:0.000 H:M:S, 0.0 percent
Interval writes: 0 writes, 0 keys, 0 commit groups, 0.0 writes per commit group, ingest: 0.00 MB, 0.00 MB/s
Interval WAL: 0 writes, 0 syncs, 0.00 writes per sync, written: 0.00 MB, 0.00 MB/s
Interval stall: 00:00:0.000 H:M:S, 0.0 percent

** Compaction Stats [default] **
Level    Files   Size     Score Read(GB)  Rn(GB) Rnp1(GB) Write(GB) Wnew(GB) Moved(GB) W-Amp Rd(MB/s) Wr(MB/s) Comp(sec) Comp(cnt) Avg(sec) KeyIn KeyDrop
----------------------------------------------------------------------------------------------------------------------------------------------------------
  L0      7/0    5.54 KB   0.7      0.0     0.0      0.0       0.0      0.0       0.0   1.0      0.0      0.3         0         1    0.003       0      0
 Sum      7/0    5.54 KB   0.0      0.0     0.0      0.0       0.0      0.0       0.0   1.0      0.0      0.3         0         1    0.003       0      0
 Int      0/0    0.00 KB   0.0      0.0     0.0      0.0       0.0      0.0       0.0   1.0      0.0      0.3         0         1    0.003       0      0
Uptime(secs): 0.0 total, 0.0 interval
Flush(GB): cumulative 0.000, interval 0.000
AddFile(GB): cumulative 0.000, interval 0.000
AddFile(Total Files): cumulative 0, interval 0
AddFile(L0 Files): cumulative 0, interval 0
AddFile(Keys): cumulative 0, interval 0
Cumulative compaction: 0.00 GB write, 0.02 MB/s write, 0.00 GB read, 0.00 MB/s read, 0.0 seconds
Interval compaction: 0.00 GB write, 0.02 MB/s write, 0.00 GB read, 0.00 MB/s read, 0.0 seconds
Stalls(count): 0 level0_slowdown, 0 level0_slowdown_with_compaction, 0 level0_numfiles, 0 level0_numfiles_with_compaction, 0 stop for pending_compaction_bytes, 0 slowdown for pending_compaction_bytes, 0 memtable_compaction, 0 memtable_slowdown, interval 0 total count

** File Read Latency Histogram By Level [default] **
** Level 0 read latency histogram (micros):
Count: 38 Average: 43.1842  StdDev: 80.84
Min: 2  Median: 8.1538  Max: 276
Percentiles: P50: 8.15 P75: 16.17 P99: 276.00 P99.9: 276.00 P99.99: 276.00
------------------------------------------------------
(       1,       2 ]        3   7.895%   7.895% ##
(       3,       4 ]        1   2.632%  10.526% #
(       4,       6 ]        8  21.053%  31.579% ####
(       6,      10 ]       13  34.211%  65.789% #######
(      10,      15 ]        3   7.895%  73.684% ##
(      15,      22 ]        3   7.895%  81.579% ##
(      22,      34 ]        1   2.632%  84.211% #
(     170,     250 ]        5  13.158%  97.368% ###
(     250,     380 ]        1   2.632% 100.000% #


** Compaction Stats [Configuration] **
Level    Files   Size     Score Read(GB)  Rn(GB) Rnp1(GB) Write(GB) Wnew(GB) Moved(GB) W-Amp Rd(MB/s) Wr(MB/s) Comp(sec) Comp(cnt) Avg(sec) KeyIn KeyDrop
----------------------------------------------------------------------------------------------------------------------------------------------------------
  L0      7/0    5.86 KB   0.7      0.0     0.0      0.0       0.0      0.0       0.0   1.0      0.0      0.3         0         1    0.003       0      0
 Sum      7/0    5.86 KB   0.0      0.0     0.0      0.0       0.0      0.0       0.0   1.0      0.0      0.3         0         1    0.003       0      0
 Int      0/0    0.00 KB   0.0      0.0     0.0      0.0       0.0      0.0       0.0   1.0      0.0      0.3         0         1    0.003       0      0
Uptime(secs): 0.0 total, 0.0 interval
Flush(GB): cumulative 0.000, interval 0.000
AddFile(GB): cumulative 0.000, interval 0.000
AddFile(Total Files): cumulative 0, interval 0
AddFile(L0 Files): cumulative 0, interval 0
AddFile(Keys): cumulative 0, interval 0
Cumulative compaction: 0.00 GB write, 0.02 MB/s write, 0.00 GB read, 0.00 MB/s read, 0.0 seconds
Interval compaction: 0.00 GB write, 0.02 MB/s write, 0.00 GB read, 0.00 MB/s read, 0.0 seconds
Stalls(count): 0 level0_slowdown, 0 level0_slowdown_with_compaction, 0 level0_numfiles, 0 level0_numfiles_with_compaction, 0 stop for pending_compaction_bytes, 0 slowdown for pending_compaction_bytes, 0 memtable_compaction, 0 memtable_slowdown, interval 0 total count

** File Read Latency Histogram By Level [Configuration] **
** Level 0 read latency histogram (micros):
Count: 40 Average: 38.8500  StdDev: 80.10
Min: 1  Median: 4.2222  Max: 284
Percentiles: P50: 4.22 P75: 10.00 P99: 284.00 P99.9: 284.00 P99.99: 284.00
------------------------------------------------------
[       0,       1 ]        1   2.500%   2.500% #
(       1,       2 ]        5  12.500%  15.000% ###
(       2,       3 ]        7  17.500%  32.500% ####
(       3,       4 ]        6  15.000%  47.500% ###
(       4,       6 ]        9  22.500%  70.000% #####
(       6,      10 ]        2   5.000%  75.000% #
(      10,      15 ]        2   5.000%  80.000% #
(      15,      22 ]        2   5.000%  85.000% #
(     170,     250 ]        4  10.000%  95.000% ##
(     250,     380 ]        1   2.500%  97.500% #


** Compaction Stats [default] **
Level    Files   Size     Score Read(GB)  Rn(GB) Rnp1(GB) Write(GB) Wnew(GB) Moved(GB) W-Amp Rd(MB/s) Wr(MB/s) Comp(sec) Comp(cnt) Avg(sec) KeyIn KeyDrop
----------------------------------------------------------------------------------------------------------------------------------------------------------
  L0      7/0    5.54 KB   0.7      0.0     0.0      0.0       0.0      0.0       0.0   1.0      0.0      0.3         0         1    0.003       0      0
 Sum      7/0    5.54 KB   0.0      0.0     0.0      0.0       0.0      0.0       0.0   1.0      0.0      0.3         0         1    0.003       0      0
 Int      0/0    0.00 KB   0.0      0.0     0.0      0.0       0.0      0.0       0.0   0.0      0.0      0.0         0         0    0.000       0      0
Uptime(secs): 0.0 total, 0.0 interval
Flush(GB): cumulative 0.000, interval 0.000
AddFile(GB): cumulative 0.000, interval 0.000
AddFile(Total Files): cumulative 0, interval 0
AddFile(L0 Files): cumulative 0, interval 0
AddFile(Keys): cumulative 0, interval 0
Cumulative compaction: 0.00 GB write, 0.02 MB/s write, 0.00 GB read, 0.00 MB/s read, 0.0 seconds
Interval compaction: 0.00 GB write, 0.00 MB/s write, 0.00 GB read, 0.00 MB/s read, 0.0 seconds
Stalls(count): 0 level0_slowdown, 0 level0_slowdown_with_compaction, 0 level0_numfiles, 0 level0_numfiles_with_compaction, 0 stop for pending_compaction_bytes, 0 slowdown for pending_compaction_bytes, 0 memtable_compaction, 0 memtable_slowdown, interval 0 total count

** File Read Latency Histogram By Level [default] **
** Level 0 read latency histogram (micros):
Count: 38 Average: 43.1842  StdDev: 80.84
Min: 2  Median: 8.1538  Max: 276
Percentiles: P50: 8.15 P75: 16.17 P99: 276.00 P99.9: 276.00 P99.99: 276.00
------------------------------------------------------
(       1,       2 ]        3   7.895%   7.895% ##
(       3,       4 ]        1   2.632%  10.526% #
(       4,       6 ]        8  21.053%  31.579% ####
(       6,      10 ]       13  34.211%  65.789% #######
(      10,      15 ]        3   7.895%  73.684% ##
(      15,      22 ]        3   7.895%  81.579% ##
(      22,      34 ]        1   2.632%  84.211% #
(     170,     250 ]        5  13.158%  97.368% ###
(     250,     380 ]        1   2.632% 100.000% #


** Compaction Stats [Configuration] **
Level    Files   Size     Score Read(GB)  Rn(GB) Rnp1(GB) Write(GB) Wnew(GB) Moved(GB) W-Amp Rd(MB/s) Wr(MB/s) Comp(sec) Comp(cnt) Avg(sec) KeyIn KeyDrop
----------------------------------------------------------------------------------------------------------------------------------------------------------
  L0      7/0    5.86 KB   0.7      0.0     0.0      0.0       0.0      0.0       0.0   1.0      0.0      0.3         0         1    0.003       0      0
 Sum      7/0    5.86 KB   0.0      0.0     0.0      0.0       0.0      0.0       0.0   1.0      0.0      0.3         0         1    0.003       0      0
 Int      0/0    0.00 KB   0.0      0.0     0.0      0.0       0.0      0.0       0.0   0.0      0.0      0.0         0         0    0.000       0      0
Uptime(secs): 0.0 total, 0.0 interval
Flush(GB): cumulative 0.000, interval 0.000
AddFile(GB): cumulative 0.000, interval 0.000
AddFile(Total Files): cumulative 0, interval 0
AddFile(L0 Files): cumulative 0, interval 0
AddFile(Keys): cumulative 0, interval 0
Cumulative compaction: 0.00 GB write, 0.02 MB/s write, 0.00 GB read, 0.00 MB/s read, 0.0 seconds
Interval compaction: 0.00 GB write, 0.00 MB/s write, 0.00 GB read, 0.00 MB/s read, 0.0 seconds
Stalls(count): 0 level0_slowdown, 0 level0_slowdown_with_compaction, 0 level0_numfiles, 0 level0_numfiles_with_compaction, 0 stop for pending_compaction_bytes, 0 slowdown for pending_compaction_bytes, 0 memtable_compaction, 0 memtable_slowdown, interval 0 total count

** File Read Latency Histogram By Level [Configuration] **
** Level 0 read latency histogram (micros):
Count: 40 Average: 38.8500  StdDev: 80.10
Min: 1  Median: 4.2222  Max: 284
Percentiles: P50: 4.22 P75: 10.00 P99: 284.00 P99.9: 284.00 P99.99: 284.00
------------------------------------------------------
[       0,       1 ]        1   2.500%   2.500% #
(       1,       2 ]        5  12.500%  15.000% ###
(       2,       3 ]        7  17.500%  32.500% ####
(       3,       4 ]        6  15.000%  47.500% ###
(       4,       6 ]        9  22.500%  70.000% #####
(       6,      10 ]        2   5.000%  75.000% #
(      10,      15 ]        2   5.000%  80.000% #
(      15,      22 ]        2   5.000%  85.000% #
(     170,     250 ]        4  10.000%  95.000% ##
(     250,     380 ]        1   2.500%  97.500% #

2022/09/26-14:39:10.358559 91a4 [WARN] [db\db_impl.cc:617] STATISTICS:
 rocksdb.block.cache.miss COUNT : 22
rocksdb.block.cache.hit COUNT : 0
rocksdb.block.cache.add COUNT : 22
rocksdb.block.cache.add.failures COUNT : 0
rocksdb.block.cache.index.miss COUNT : 12
rocksdb.block.cache.index.hit COUNT : 0
rocksdb.block.cache.index.add COUNT : 12
rocksdb.block.cache.index.bytes.insert COUNT : 1224
rocksdb.block.cache.index.bytes.evict COUNT : 0
rocksdb.block.cache.filter.miss COUNT : 0
rocksdb.block.cache.filter.hit COUNT : 0
rocksdb.block.cache.filter.add COUNT : 0
rocksdb.block.cache.filter.bytes.insert COUNT : 0
rocksdb.block.cache.filter.bytes.evict COUNT : 0
rocksdb.block.cache.data.miss COUNT : 10
rocksdb.block.cache.data.hit COUNT : 0
rocksdb.block.cache.data.add COUNT : 10
rocksdb.block.cache.data.bytes.insert COUNT : 1274
rocksdb.block.cache.bytes.read COUNT : 0
rocksdb.block.cache.bytes.write COUNT : 2498
rocksdb.bloom.filter.useful COUNT : 0
rocksdb.bloom.filter.full.positive COUNT : 0
rocksdb.bloom.filter.full.true.positive COUNT : 0
rocksdb.persistent.cache.hit COUNT : 0
rocksdb.persistent.cache.miss COUNT : 0
rocksdb.sim.block.cache.hit COUNT : 0
rocksdb.sim.block.cache.miss COUNT : 0
rocksdb.memtable.hit COUNT : 0
rocksdb.memtable.miss COUNT : 0
rocksdb.l0.hit COUNT : 0
rocksdb.l1.hit COUNT : 0
rocksdb.l2andup.hit COUNT : 0
rocksdb.compaction.key.drop.new COUNT : 0
rocksdb.compaction.key.drop.obsolete COUNT : 0
rocksdb.compaction.key.drop.range_del COUNT : 0
rocksdb.compaction.key.drop.user COUNT : 0
rocksdb.compaction.range_del.drop.obsolete COUNT : 0
rocksdb.compaction.optimized.del.drop.obsolete COUNT : 0
rocksdb.compaction.cancelled COUNT : 0
rocksdb.number.keys.written COUNT : 0
rocksdb.number.keys.read COUNT : 0
rocksdb.number.keys.updated COUNT : 0
rocksdb.bytes.written COUNT : 0
rocksdb.bytes.read COUNT : 0
rocksdb.number.db.seek COUNT : 0
rocksdb.number.db.next COUNT : 0
rocksdb.number.db.prev COUNT : 0
rocksdb.number.db.seek.found COUNT : 0
rocksdb.number.db.next.found COUNT : 0
rocksdb.number.db.prev.found COUNT : 0
rocksdb.db.iter.bytes.read COUNT : 0
rocksdb.no.file.closes COUNT : 0
rocksdb.no.file.opens COUNT : 14
rocksdb.no.file.errors COUNT : 0
rocksdb.l0.slowdown.micros COUNT : 0
rocksdb.memtable.compaction.micros COUNT : 0
rocksdb.l0.num.files.stall.micros COUNT : 0
rocksdb.stall.micros COUNT : 0
rocksdb.db.mutex.wait.micros COUNT : 0
rocksdb.rate.limit.delay.millis COUNT : 0
rocksdb.num.iterators COUNT : 0
rocksdb.number.multiget.get COUNT : 0
rocksdb.number.multiget.keys.read COUNT : 0
rocksdb.number.multiget.bytes.read COUNT : 0
rocksdb.number.deletes.filtered COUNT : 0
rocksdb.number.merge.failures COUNT : 0
rocksdb.bloom.filter.prefix.checked COUNT : 0
rocksdb.bloom.filter.prefix.useful COUNT : 0
rocksdb.number.reseeks.iteration COUNT : 0
rocksdb.getupdatessince.calls COUNT : 0
rocksdb.block.cachecompressed.miss COUNT : 0
rocksdb.block.cachecompressed.hit COUNT : 0
rocksdb.block.cachecompressed.add COUNT : 0
rocksdb.block.cachecompressed.add.failures COUNT : 0
rocksdb.wal.synced COUNT : 0
rocksdb.wal.bytes COUNT : 0
rocksdb.write.self COUNT : 0
rocksdb.write.other COUNT : 0
rocksdb.write.timeout COUNT : 0
rocksdb.write.wal COUNT : 0
rocksdb.compact.read.bytes COUNT : 0
rocksdb.compact.write.bytes COUNT : 1624
rocksdb.flush.write.bytes COUNT : 0
rocksdb.number.direct.load.table.properties COUNT : 0
rocksdb.number.superversion_acquires COUNT : 0
rocksdb.number.superversion_releases COUNT : 0
rocksdb.number.superversion_cleanups COUNT : 0
rocksdb.number.block.compressed COUNT : 1
rocksdb.number.block.decompressed COUNT : 0
rocksdb.number.block.not_compressed COUNT : 0
rocksdb.merge.operation.time.nanos COUNT : 0
rocksdb.filter.operation.time.nanos COUNT : 0
rocksdb.row.cache.hit COUNT : 0
rocksdb.row.cache.miss COUNT : 0
rocksdb.read.amp.estimate.useful.bytes COUNT : 0
rocksdb.read.amp.total.read.bytes COUNT : 0
rocksdb.number.rate_limiter.drains COUNT : 0
rocksdb.number.iter.skip COUNT : 0
rocksdb.blobdb.num.put COUNT : 0
rocksdb.blobdb.num.write COUNT : 0
rocksdb.blobdb.num.get COUNT : 0
rocksdb.blobdb.num.multiget COUNT : 0
rocksdb.blobdb.num.seek COUNT : 0
rocksdb.blobdb.num.next COUNT : 0
rocksdb.blobdb.num.prev COUNT : 0
rocksdb.blobdb.num.keys.written COUNT : 0
rocksdb.blobdb.num.keys.read COUNT : 0
rocksdb.blobdb.bytes.written COUNT : 0
rocksdb.blobdb.bytes.read COUNT : 0
rocksdb.blobdb.write.inlined COUNT : 0
rocksdb.blobdb.write.inlined.ttl COUNT : 0
rocksdb.blobdb.write.blob COUNT : 0
rocksdb.blobdb.write.blob.ttl COUNT : 0
rocksdb.blobdb.blob.file.bytes.written COUNT : 0
rocksdb.blobdb.blob.file.bytes.read COUNT : 0
rocksdb.blobdb.blob.file.synced COUNT : 0
rocksdb.blobdb.blob.index.expired.count COUNT : 0
rocksdb.blobdb.blob.index.expired.size COUNT : 0
rocksdb.blobdb.blob.index.evicted.count COUNT : 0
rocksdb.blobdb.blob.index.evicted.size COUNT : 0
rocksdb.blobdb.gc.num.files COUNT : 0
rocksdb.blobdb.gc.num.new.files COUNT : 0
rocksdb.blobdb.gc.failures COUNT : 0
rocksdb.blobdb.gc.num.keys.overwritten COUNT : 0
rocksdb.blobdb.gc.num.keys.expired COUNT : 0
rocksdb.blobdb.gc.num.keys.relocated COUNT : 0
rocksdb.blobdb.gc.bytes.overwritten COUNT : 0
rocksdb.blobdb.gc.bytes.expired COUNT : 0
rocksdb.blobdb.gc.bytes.relocated COUNT : 0
rocksdb.blobdb.fifo.num.files.evicted COUNT : 0
rocksdb.blobdb.fifo.num.keys.evicted COUNT : 0
rocksdb.blobdb.fifo.bytes.evicted COUNT : 0
rocksdb.txn.overhead.mutex.prepare COUNT : 0
rocksdb.txn.overhead.mutex.old.commit.map COUNT : 0
rocksdb.txn.overhead.duplicate.key COUNT : 0
rocksdb.txn.overhead.mutex.snapshot COUNT : 0
rocksdb.number.multiget.keys.found COUNT : 0
rocksdb.num.iterator.created COUNT : 0
rocksdb.num.iterator.deleted COUNT : 0
rocksdb.db.get.micros P50 : 0.000000 P95 : 0.000000 P99 : 0.000000 P100 : 0.000000 COUNT : 0 SUM : 0
rocksdb.db.write.micros P50 : 0.000000 P95 : 0.000000 P99 : 0.000000 P100 : 0.000000 COUNT : 0 SUM : 0
rocksdb.compaction.times.micros P50 : 0.000000 P95 : 0.000000 P99 : 0.000000 P100 : 0.000000 COUNT : 0 SUM : 0
rocksdb.subcompaction.setup.times.micros P50 : 0.000000 P95 : 0.000000 P99 : 0.000000 P100 : 0.000000 COUNT : 0 SUM : 0
