2022/09/26-14:39:10.804168 9a3c RocksDB version: 5.18.4
2022/09/26-14:39:10.804294 9a3c Git sha rocksdb_build_git_sha:@b9a4a10659969c71e6f6eab4e4bae8c36ede919f@
2022/09/26-14:39:10.804317 9a3c Compile date Mar 11 2020
2022/09/26-14:39:10.804332 9a3c DB SUMMARY
2022/09/26-14:39:10.804894 9a3c CURRENT file:  CURRENT
2022/09/26-14:39:10.804931 9a3c IDENTITY file:  IDENTITY
2022/09/26-14:39:10.805032 9a3c MANIFEST file:  MANIFEST-000027 size: 658 Bytes
2022/09/26-14:39:10.805054 9a3c SST files in C:\Users\jiangkai\Documents\CodeProject\springCloldAlibabaStudy\nacos\data\protocol\raft\naming_service_metadata\log dir, Total Num: 12, files: 000006.sst 000008.sst 000010.sst 000012.sst 000014.sst 000016.sst 000018.sst 000020.sst 000022.sst 
2022/09/26-14:39:10.805070 9a3c Write Ahead Log file in C:\Users\jiangkai\Documents\CodeProject\springCloldAlibabaStudy\nacos\data\protocol\raft\naming_service_metadata\log: 000029.log size: 691 ; 
2022/09/26-14:39:10.805296 9a3c                         Options.error_if_exists: 0
2022/09/26-14:39:10.805305 9a3c                       Options.create_if_missing: 1
2022/09/26-14:39:10.805310 9a3c                         Options.paranoid_checks: 1
2022/09/26-14:39:10.805314 9a3c                                     Options.env: 0000013D738082C0
2022/09/26-14:39:10.805319 9a3c                                Options.info_log: 0000013D767D7920
2022/09/26-14:39:10.805323 9a3c                Options.max_file_opening_threads: 16
2022/09/26-14:39:10.805376 9a3c                              Options.statistics: 0000013D7670B880
2022/09/26-14:39:10.805386 9a3c                               Options.use_fsync: 0
2022/09/26-14:39:10.805391 9a3c                       Options.max_log_file_size: 0
2022/09/26-14:39:10.805396 9a3c                  Options.max_manifest_file_size: 1073741824
2022/09/26-14:39:10.805400 9a3c                   Options.log_file_time_to_roll: 0
2022/09/26-14:39:10.805405 9a3c                       Options.keep_log_file_num: 1000
2022/09/26-14:39:10.805409 9a3c                    Options.recycle_log_file_num: 0
2022/09/26-14:39:10.805414 9a3c                         Options.allow_fallocate: 1
2022/09/26-14:39:10.805419 9a3c                        Options.allow_mmap_reads: 0
2022/09/26-14:39:10.805424 9a3c                       Options.allow_mmap_writes: 0
2022/09/26-14:39:10.805428 9a3c                        Options.use_direct_reads: 0
2022/09/26-14:39:10.805432 9a3c                        Options.use_direct_io_for_flush_and_compaction: 0
2022/09/26-14:39:10.805437 9a3c          Options.create_missing_column_families: 1
2022/09/26-14:39:10.805441 9a3c                              Options.db_log_dir: 
2022/09/26-14:39:10.805446 9a3c                                 Options.wal_dir: C:\Users\jiangkai\Documents\CodeProject\springCloldAlibabaStudy\nacos\data\protocol\raft\naming_service_metadata\log
2022/09/26-14:39:10.805451 9a3c                Options.table_cache_numshardbits: 6
2022/09/26-14:39:10.805455 9a3c                      Options.max_subcompactions: 1
2022/09/26-14:39:10.805460 9a3c                  Options.max_background_flushes: 1
2022/09/26-14:39:10.805464 9a3c                         Options.WAL_ttl_seconds: 0
2022/09/26-14:39:10.805469 9a3c                       Options.WAL_size_limit_MB: 0
2022/09/26-14:39:10.805473 9a3c             Options.manifest_preallocation_size: 4194304
2022/09/26-14:39:10.805478 9a3c                     Options.is_fd_close_on_exec: 1
2022/09/26-14:39:10.805482 9a3c                   Options.advise_random_on_open: 1
2022/09/26-14:39:10.805486 9a3c                    Options.db_write_buffer_size: 0
2022/09/26-14:39:10.805491 9a3c                    Options.write_buffer_manager: 0000013D75BD6D60
2022/09/26-14:39:10.805495 9a3c         Options.access_hint_on_compaction_start: 1
2022/09/26-14:39:10.805500 9a3c  Options.new_table_reader_for_compaction_inputs: 0
2022/09/26-14:39:10.805504 9a3c           Options.random_access_max_buffer_size: 1048576
2022/09/26-14:39:10.805509 9a3c                      Options.use_adaptive_mutex: 0
2022/09/26-14:39:10.805513 9a3c                            Options.rate_limiter: 0000000000000000
2022/09/26-14:39:10.805566 9a3c     Options.sst_file_manager.rate_bytes_per_sec: 0
2022/09/26-14:39:10.805573 9a3c                       Options.wal_recovery_mode: 2
2022/09/26-14:39:10.805577 9a3c                  Options.enable_thread_tracking: 0
2022/09/26-14:39:10.805581 9a3c                  Options.enable_pipelined_write: 0
2022/09/26-14:39:10.805586 9a3c         Options.allow_concurrent_memtable_write: 1
2022/09/26-14:39:10.805590 9a3c      Options.enable_write_thread_adaptive_yield: 1
2022/09/26-14:39:10.805594 9a3c             Options.write_thread_max_yield_usec: 100
2022/09/26-14:39:10.805598 9a3c            Options.write_thread_slow_yield_usec: 3
2022/09/26-14:39:10.805603 9a3c                               Options.row_cache: None
2022/09/26-14:39:10.805607 9a3c                              Options.wal_filter: None
2022/09/26-14:39:10.805612 9a3c             Options.avoid_flush_during_recovery: 0
2022/09/26-14:39:10.805616 9a3c             Options.allow_ingest_behind: 0
2022/09/26-14:39:10.805620 9a3c             Options.preserve_deletes: 0
2022/09/26-14:39:10.805624 9a3c             Options.two_write_queues: 0
2022/09/26-14:39:10.805629 9a3c             Options.manual_wal_flush: 0
2022/09/26-14:39:10.805633 9a3c             Options.max_background_jobs: 2
2022/09/26-14:39:10.805638 9a3c             Options.max_background_compactions: 4
2022/09/26-14:39:10.805642 9a3c             Options.avoid_flush_during_shutdown: 0
2022/09/26-14:39:10.805646 9a3c           Options.writable_file_max_buffer_size: 1048576
2022/09/26-14:39:10.805651 9a3c             Options.delayed_write_rate : 16777216
2022/09/26-14:39:10.805655 9a3c             Options.max_total_wal_size: 0
2022/09/26-14:39:10.805659 9a3c             Options.delete_obsolete_files_period_micros: 21600000000
2022/09/26-14:39:10.805664 9a3c                   Options.stats_dump_period_sec: 600
2022/09/26-14:39:10.805668 9a3c                          Options.max_open_files: -1
2022/09/26-14:39:10.805672 9a3c                          Options.bytes_per_sync: 0
2022/09/26-14:39:10.805677 9a3c                      Options.wal_bytes_per_sync: 0
2022/09/26-14:39:10.805682 9a3c       Options.compaction_readahead_size: 0
2022/09/26-14:39:10.805698 9a3c Compression algorithms supported:
2022/09/26-14:39:10.805751 9a3c 	kZSTD supported: 1
2022/09/26-14:39:10.805771 9a3c 	kSnappyCompression supported: 1
2022/09/26-14:39:10.805775 9a3c 	kBZip2Compression supported: 0
2022/09/26-14:39:10.805779 9a3c 	kZlibCompression supported: 1
2022/09/26-14:39:10.805783 9a3c 	kLZ4Compression supported: 1
2022/09/26-14:39:10.805787 9a3c 	kXpressCompression supported: 0
2022/09/26-14:39:10.805791 9a3c 	kLZ4HCCompression supported: 1
2022/09/26-14:39:10.805796 9a3c 	kZSTDNotFinalCompression supported: 1
2022/09/26-14:39:10.805807 9a3c Fast CRC32 supported: Supported on x86
2022/09/26-14:39:10.807688 9a3c [db\version_set.cc:3508] Recovering from manifest file: MANIFEST-000027
2022/09/26-14:39:10.808063 9a3c [db\column_family.cc:474] --------------- Options for column family [default]:
2022/09/26-14:39:10.808086 9a3c               Options.comparator: leveldb.BytewiseComparator
2022/09/26-14:39:10.808091 9a3c           Options.merge_operator: StringAppendOperator
2022/09/26-14:39:10.808095 9a3c        Options.compaction_filter: None
2022/09/26-14:39:10.808099 9a3c        Options.compaction_filter_factory: None
2022/09/26-14:39:10.808104 9a3c         Options.memtable_factory: SkipListFactory
2022/09/26-14:39:10.808108 9a3c            Options.table_factory: BlockBasedTable
2022/09/26-14:39:10.808140 9a3c            table_factory options:   flush_block_policy_factory: FlushBlockBySizePolicyFactory (0000013D75FCB300)
  cache_index_and_filter_blocks: 0
  cache_index_and_filter_blocks_with_high_priority: 1
  pin_l0_filter_and_index_blocks_in_cache: 1
  pin_top_level_index_and_filter: 1
  index_type: 2
  hash_index_allow_collision: 1
  checksum: 1
  no_block_cache: 0
  block_cache: 0000013D75C871F0
  block_cache_name: LRUCache
  block_cache_options:
    capacity : 536870912
    num_shard_bits : 8
    strict_capacity_limit : 0
    memory_allocator : None
    high_pri_pool_ratio: 0.000
  block_cache_compressed: 0000000000000000
  persistent_cache: 0000000000000000
  block_size: 4096
  block_size_deviation: 10
  block_restart_interval: 16
  index_block_restart_interval: 1
  metadata_block_size: 8192
  partition_filters: 1
  use_delta_encoding: 1
  filter_policy: nullptr
  whole_key_filtering: 1
  verify_compression: 0
  read_amp_bytes_per_bit: 0
  format_version: 0
  enable_index_compression: 1
  block_align: 0
2022/09/26-14:39:10.808206 9a3c        Options.write_buffer_size: 67108864
2022/09/26-14:39:10.808215 9a3c  Options.max_write_buffer_number: 3
2022/09/26-14:39:10.808219 9a3c          Options.compression: Snappy
2022/09/26-14:39:10.808223 9a3c                  Options.bottommost_compression: Disabled
2022/09/26-14:39:10.808228 9a3c       Options.prefix_extractor: rocksdb.FixedPrefix.8
2022/09/26-14:39:10.808232 9a3c   Options.memtable_insert_with_hint_prefix_extractor: nullptr
2022/09/26-14:39:10.808236 9a3c             Options.num_levels: 7
2022/09/26-14:39:10.808239 9a3c        Options.min_write_buffer_number_to_merge: 1
2022/09/26-14:39:10.808243 9a3c     Options.max_write_buffer_number_to_maintain: 0
2022/09/26-14:39:10.808247 9a3c            Options.bottommost_compression_opts.window_bits: -14
2022/09/26-14:39:10.808251 9a3c                  Options.bottommost_compression_opts.level: 32767
2022/09/26-14:39:10.808256 9a3c               Options.bottommost_compression_opts.strategy: 0
2022/09/26-14:39:10.808259 9a3c         Options.bottommost_compression_opts.max_dict_bytes: 0
2022/09/26-14:39:10.808264 9a3c         Options.bottommost_compression_opts.zstd_max_train_bytes: 0
2022/09/26-14:39:10.808268 9a3c                  Options.bottommost_compression_opts.enabled: false
2022/09/26-14:39:10.808272 9a3c            Options.compression_opts.window_bits: -14
2022/09/26-14:39:10.808276 9a3c                  Options.compression_opts.level: 32767
2022/09/26-14:39:10.808280 9a3c               Options.compression_opts.strategy: 0
2022/09/26-14:39:10.808284 9a3c         Options.compression_opts.max_dict_bytes: 0
2022/09/26-14:39:10.808288 9a3c         Options.compression_opts.zstd_max_train_bytes: 0
2022/09/26-14:39:10.808292 9a3c                  Options.compression_opts.enabled: false
2022/09/26-14:39:10.808297 9a3c      Options.level0_file_num_compaction_trigger: 10
2022/09/26-14:39:10.808301 9a3c          Options.level0_slowdown_writes_trigger: 20
2022/09/26-14:39:10.808305 9a3c              Options.level0_stop_writes_trigger: 40
2022/09/26-14:39:10.808309 9a3c                   Options.target_file_size_base: 67108864
2022/09/26-14:39:10.808314 9a3c             Options.target_file_size_multiplier: 1
2022/09/26-14:39:10.808318 9a3c                Options.max_bytes_for_level_base: 536870912
2022/09/26-14:39:10.808323 9a3c Options.level_compaction_dynamic_level_bytes: 0
2022/09/26-14:39:10.808327 9a3c          Options.max_bytes_for_level_multiplier: 10.000000
2022/09/26-14:39:10.808335 9a3c Options.max_bytes_for_level_multiplier_addtl[0]: 1
2022/09/26-14:39:10.808339 9a3c Options.max_bytes_for_level_multiplier_addtl[1]: 1
2022/09/26-14:39:10.808343 9a3c Options.max_bytes_for_level_multiplier_addtl[2]: 1
2022/09/26-14:39:10.808348 9a3c Options.max_bytes_for_level_multiplier_addtl[3]: 1
2022/09/26-14:39:10.808352 9a3c Options.max_bytes_for_level_multiplier_addtl[4]: 1
2022/09/26-14:39:10.808356 9a3c Options.max_bytes_for_level_multiplier_addtl[5]: 1
2022/09/26-14:39:10.808361 9a3c Options.max_bytes_for_level_multiplier_addtl[6]: 1
2022/09/26-14:39:10.808365 9a3c       Options.max_sequential_skip_in_iterations: 8
2022/09/26-14:39:10.808369 9a3c                    Options.max_compaction_bytes: 1677721600
2022/09/26-14:39:10.808374 9a3c                        Options.arena_block_size: 8388608
2022/09/26-14:39:10.808378 9a3c   Options.soft_pending_compaction_bytes_limit: 68719476736
2022/09/26-14:39:10.808382 9a3c   Options.hard_pending_compaction_bytes_limit: 274877906944
2022/09/26-14:39:10.808390 9a3c       Options.rate_limit_delay_max_milliseconds: 100
2022/09/26-14:39:10.808395 9a3c                Options.disable_auto_compactions: 0
2022/09/26-14:39:10.808402 9a3c                        Options.compaction_style: kCompactionStyleLevel
2022/09/26-14:39:10.808407 9a3c                          Options.compaction_pri: kByCompensatedSize
2022/09/26-14:39:10.808412 9a3c Options.compaction_options_universal.size_ratio: 1
2022/09/26-14:39:10.808416 9a3c Options.compaction_options_universal.min_merge_width: 2
2022/09/26-14:39:10.808420 9a3c Options.compaction_options_universal.max_merge_width: 4294967295
2022/09/26-14:39:10.808425 9a3c Options.compaction_options_universal.max_size_amplification_percent: 200
2022/09/26-14:39:10.808429 9a3c Options.compaction_options_universal.compression_size_percent: -1
2022/09/26-14:39:10.808434 9a3c Options.compaction_options_universal.stop_style: kCompactionStopStyleTotalSize
2022/09/26-14:39:10.808439 9a3c Options.compaction_options_fifo.max_table_files_size: 1073741824
2022/09/26-14:39:10.808443 9a3c Options.compaction_options_fifo.allow_compaction: 0
2022/09/26-14:39:10.808447 9a3c Options.compaction_options_fifo.ttl: 0
2022/09/26-14:39:10.808451 9a3c                   Options.table_properties_collectors: 
2022/09/26-14:39:10.808455 9a3c                   Options.inplace_update_support: 0
2022/09/26-14:39:10.808460 9a3c                 Options.inplace_update_num_locks: 10000
2022/09/26-14:39:10.808464 9a3c               Options.memtable_prefix_bloom_size_ratio: 0.125000
2022/09/26-14:39:10.808469 9a3c   Options.memtable_huge_page_size: 0
2022/09/26-14:39:10.808473 9a3c                           Options.bloom_locality: 0
2022/09/26-14:39:10.808477 9a3c                    Options.max_successive_merges: 0
2022/09/26-14:39:10.808481 9a3c                Options.optimize_filters_for_hits: 0
2022/09/26-14:39:10.808485 9a3c                Options.paranoid_file_checks: 0
2022/09/26-14:39:10.808489 9a3c                Options.force_consistency_checks: 1
2022/09/26-14:39:10.808493 9a3c                Options.report_bg_io_stats: 0
2022/09/26-14:39:10.808497 9a3c                               Options.ttl: 0
2022/09/26-14:39:10.811644 9a3c [db\column_family.cc:474] --------------- Options for column family [Configuration]:
2022/09/26-14:39:10.811674 9a3c               Options.comparator: leveldb.BytewiseComparator
2022/09/26-14:39:10.811681 9a3c           Options.merge_operator: StringAppendOperator
2022/09/26-14:39:10.811686 9a3c        Options.compaction_filter: None
2022/09/26-14:39:10.811690 9a3c        Options.compaction_filter_factory: None
2022/09/26-14:39:10.811695 9a3c         Options.memtable_factory: SkipListFactory
2022/09/26-14:39:10.811700 9a3c            Options.table_factory: BlockBasedTable
2022/09/26-14:39:10.811734 9a3c            table_factory options:   flush_block_policy_factory: FlushBlockBySizePolicyFactory (0000013D75FCB300)
  cache_index_and_filter_blocks: 0
  cache_index_and_filter_blocks_with_high_priority: 1
  pin_l0_filter_and_index_blocks_in_cache: 1
  pin_top_level_index_and_filter: 1
  index_type: 2
  hash_index_allow_collision: 1
  checksum: 1
  no_block_cache: 0
  block_cache: 0000013D75C871F0
  block_cache_name: LRUCache
  block_cache_options:
    capacity : 536870912
    num_shard_bits : 8
    strict_capacity_limit : 0
    memory_allocator : None
    high_pri_pool_ratio: 0.000
  block_cache_compressed: 0000000000000000
  persistent_cache: 0000000000000000
  block_size: 4096
  block_size_deviation: 10
  block_restart_interval: 16
  index_block_restart_interval: 1
  metadata_block_size: 8192
  partition_filters: 1
  use_delta_encoding: 1
  filter_policy: nullptr
  whole_key_filtering: 1
  verify_compression: 0
  read_amp_bytes_per_bit: 0
  format_version: 0
  enable_index_compression: 1
  block_align: 0
2022/09/26-14:39:10.811741 9a3c        Options.write_buffer_size: 67108864
2022/09/26-14:39:10.811746 9a3c  Options.max_write_buffer_number: 3
2022/09/26-14:39:10.811751 9a3c          Options.compression: Snappy
2022/09/26-14:39:10.811757 9a3c                  Options.bottommost_compression: Disabled
2022/09/26-14:39:10.811824 9a3c       Options.prefix_extractor: rocksdb.FixedPrefix.8
2022/09/26-14:39:10.811830 9a3c   Options.memtable_insert_with_hint_prefix_extractor: nullptr
2022/09/26-14:39:10.811835 9a3c             Options.num_levels: 7
2022/09/26-14:39:10.811839 9a3c        Options.min_write_buffer_number_to_merge: 1
2022/09/26-14:39:10.811843 9a3c     Options.max_write_buffer_number_to_maintain: 0
2022/09/26-14:39:10.811848 9a3c            Options.bottommost_compression_opts.window_bits: -14
2022/09/26-14:39:10.811852 9a3c                  Options.bottommost_compression_opts.level: 32767
2022/09/26-14:39:10.811857 9a3c               Options.bottommost_compression_opts.strategy: 0
2022/09/26-14:39:10.811863 9a3c         Options.bottommost_compression_opts.max_dict_bytes: 0
2022/09/26-14:39:10.811868 9a3c         Options.bottommost_compression_opts.zstd_max_train_bytes: 0
2022/09/26-14:39:10.811873 9a3c                  Options.bottommost_compression_opts.enabled: false
2022/09/26-14:39:10.811878 9a3c            Options.compression_opts.window_bits: -14
2022/09/26-14:39:10.811882 9a3c                  Options.compression_opts.level: 32767
2022/09/26-14:39:10.811886 9a3c               Options.compression_opts.strategy: 0
2022/09/26-14:39:10.811891 9a3c         Options.compression_opts.max_dict_bytes: 0
2022/09/26-14:39:10.811895 9a3c         Options.compression_opts.zstd_max_train_bytes: 0
2022/09/26-14:39:10.811900 9a3c                  Options.compression_opts.enabled: false
2022/09/26-14:39:10.811904 9a3c      Options.level0_file_num_compaction_trigger: 10
2022/09/26-14:39:10.811908 9a3c          Options.level0_slowdown_writes_trigger: 20
2022/09/26-14:39:10.811913 9a3c              Options.level0_stop_writes_trigger: 40
2022/09/26-14:39:10.811917 9a3c                   Options.target_file_size_base: 67108864
2022/09/26-14:39:10.811921 9a3c             Options.target_file_size_multiplier: 1
2022/09/26-14:39:10.811926 9a3c                Options.max_bytes_for_level_base: 536870912
2022/09/26-14:39:10.811930 9a3c Options.level_compaction_dynamic_level_bytes: 0
2022/09/26-14:39:10.811934 9a3c          Options.max_bytes_for_level_multiplier: 10.000000
2022/09/26-14:39:10.811941 9a3c Options.max_bytes_for_level_multiplier_addtl[0]: 1
2022/09/26-14:39:10.811946 9a3c Options.max_bytes_for_level_multiplier_addtl[1]: 1
2022/09/26-14:39:10.811950 9a3c Options.max_bytes_for_level_multiplier_addtl[2]: 1
2022/09/26-14:39:10.811955 9a3c Options.max_bytes_for_level_multiplier_addtl[3]: 1
2022/09/26-14:39:10.811959 9a3c Options.max_bytes_for_level_multiplier_addtl[4]: 1
2022/09/26-14:39:10.811963 9a3c Options.max_bytes_for_level_multiplier_addtl[5]: 1
2022/09/26-14:39:10.811967 9a3c Options.max_bytes_for_level_multiplier_addtl[6]: 1
2022/09/26-14:39:10.811972 9a3c       Options.max_sequential_skip_in_iterations: 8
2022/09/26-14:39:10.811976 9a3c                    Options.max_compaction_bytes: 1677721600
2022/09/26-14:39:10.811980 9a3c                        Options.arena_block_size: 8388608
2022/09/26-14:39:10.811985 9a3c   Options.soft_pending_compaction_bytes_limit: 68719476736
2022/09/26-14:39:10.811989 9a3c   Options.hard_pending_compaction_bytes_limit: 274877906944
2022/09/26-14:39:10.811994 9a3c       Options.rate_limit_delay_max_milliseconds: 100
2022/09/26-14:39:10.811998 9a3c                Options.disable_auto_compactions: 0
2022/09/26-14:39:10.812005 9a3c                        Options.compaction_style: kCompactionStyleLevel
2022/09/26-14:39:10.812011 9a3c                          Options.compaction_pri: kByCompensatedSize
2022/09/26-14:39:10.812016 9a3c Options.compaction_options_universal.size_ratio: 1
2022/09/26-14:39:10.812020 9a3c Options.compaction_options_universal.min_merge_width: 2
2022/09/26-14:39:10.812025 9a3c Options.compaction_options_universal.max_merge_width: 4294967295
2022/09/26-14:39:10.812029 9a3c Options.compaction_options_universal.max_size_amplification_percent: 200
2022/09/26-14:39:10.812034 9a3c Options.compaction_options_universal.compression_size_percent: -1
2022/09/26-14:39:10.812041 9a3c Options.compaction_options_universal.stop_style: kCompactionStopStyleTotalSize
2022/09/26-14:39:10.812047 9a3c Options.compaction_options_fifo.max_table_files_size: 1073741824
2022/09/26-14:39:10.812051 9a3c Options.compaction_options_fifo.allow_compaction: 0
2022/09/26-14:39:10.812056 9a3c Options.compaction_options_fifo.ttl: 0
2022/09/26-14:39:10.812060 9a3c                   Options.table_properties_collectors: 
2022/09/26-14:39:10.812064 9a3c                   Options.inplace_update_support: 0
2022/09/26-14:39:10.812069 9a3c                 Options.inplace_update_num_locks: 10000
2022/09/26-14:39:10.812073 9a3c               Options.memtable_prefix_bloom_size_ratio: 0.125000
2022/09/26-14:39:10.812079 9a3c   Options.memtable_huge_page_size: 0
2022/09/26-14:39:10.812083 9a3c                           Options.bloom_locality: 0
2022/09/26-14:39:10.812087 9a3c                    Options.max_successive_merges: 0
2022/09/26-14:39:10.812092 9a3c                Options.optimize_filters_for_hits: 0
2022/09/26-14:39:10.812096 9a3c                Options.paranoid_file_checks: 0
2022/09/26-14:39:10.812101 9a3c                Options.force_consistency_checks: 1
2022/09/26-14:39:10.812105 9a3c                Options.report_bg_io_stats: 0
2022/09/26-14:39:10.812109 9a3c                               Options.ttl: 0
2022/09/26-14:39:10.819191 9a3c [db\version_set.cc:3724] Recovered from manifest file:C:\Users\jiangkai\Documents\CodeProject\springCloldAlibabaStudy\nacos\data\protocol\raft\naming_service_metadata\log/MANIFEST-000027 succeeded,manifest_file_number is 27, next_file_number is 30, last_sequence is 48, log_number is 0,prev_log_number is 0,max_column_family is 1,min_log_number_to_keep is 0
2022/09/26-14:39:10.819219 9a3c [db\version_set.cc:3732] Column family [default] (ID 0), log number is 26
2022/09/26-14:39:10.819224 9a3c [db\version_set.cc:3732] Column family [Configuration] (ID 1), log number is 26
2022/09/26-14:39:10.820266 9a3c EVENT_LOG_v1 {"time_micros": 1664174350820256, "job": 1, "event": "recovery_started", "log_files": [29]}
2022/09/26-14:39:10.820286 9a3c [db\db_impl_open.cc:578] Recovering log #29 mode 2
2022/09/26-14:39:10.823913 9a3c EVENT_LOG_v1 {"time_micros": 1664174350823886, "cf_name": "default", "job": 1, "event": "table_file_creation", "file_number": 30, "file_size": 747, "table_properties": {"data_size": 0, "index_size": 13, "filter_size": 0, "raw_key_size": 32, "raw_average_key_size": 0, "raw_value_size": 16, "raw_average_value_size": 0, "num_data_blocks": 0, "num_entries": 0, "filter_policy_name": ""}}
2022/09/26-14:39:10.826863 9a3c [db\version_set.cc:3037] Creating manifest 31
2022/09/26-14:39:10.838832 9a3c EVENT_LOG_v1 {"time_micros": 1664174350838788, "cf_name": "Configuration", "job": 1, "event": "table_file_creation", "file_number": 32, "file_size": 877, "table_properties": {"data_size": 44, "index_size": 49, "filter_size": 0, "raw_key_size": 58, "raw_average_key_size": 58, "raw_value_size": 24, "raw_average_value_size": 24, "num_data_blocks": 1, "num_entries": 1, "filter_policy_name": ""}}
2022/09/26-14:39:10.843553 9a3c EVENT_LOG_v1 {"time_micros": 1664174350843541, "job": 1, "event": "recovery_finished"}
2022/09/26-14:39:10.854707 9a3c [db\db_impl_open.cc:1314] DB pointer 0000013D7670F720
2022/09/26-14:39:10.855215 8058 [WARN] [db\db_impl.cc:669] ------- DUMPING STATS -------
2022/09/26-14:39:10.855235 8058 [WARN] [db\db_impl.cc:670] 
** DB Stats **
Uptime(secs): 0.0 total, 0.0 interval
Cumulative writes: 0 writes, 0 keys, 0 commit groups, 0.0 writes per commit group, ingest: 0.00 GB, 0.00 MB/s
Cumulative WAL: 0 writes, 0 syncs, 0.00 writes per sync, written: 0.00 GB, 0.00 MB/s
Cumulative stall: 00:00:0.000 H:M:S, 0.0 percent
Interval writes: 0 writes, 0 keys, 0 commit groups, 0.0 writes per commit group, ingest: 0.00 MB, 0.00 MB/s
Interval WAL: 0 writes, 0 syncs, 0.00 writes per sync, written: 0.00 MB, 0.00 MB/s
Interval stall: 00:00:0.000 H:M:S, 0.0 percent

** Compaction Stats [default] **
Level    Files   Size     Score Read(GB)  Rn(GB) Rnp1(GB) Write(GB) Wnew(GB) Moved(GB) W-Amp Rd(MB/s) Wr(MB/s) Comp(sec) Comp(cnt) Avg(sec) KeyIn KeyDrop
----------------------------------------------------------------------------------------------------------------------------------------------------------
  L0      7/0    5.57 KB   0.7      0.0     0.0      0.0       0.0      0.0       0.0   1.0      0.0      0.2         0         1    0.003       0      0
 Sum      7/0    5.57 KB   0.0      0.0     0.0      0.0       0.0      0.0       0.0   1.0      0.0      0.2         0         1    0.003       0      0
 Int      0/0    0.00 KB   0.0      0.0     0.0      0.0       0.0      0.0       0.0   1.0      0.0      0.2         0         1    0.003       0      0
Uptime(secs): 0.0 total, 0.0 interval
Flush(GB): cumulative 0.000, interval 0.000
AddFile(GB): cumulative 0.000, interval 0.000
AddFile(Total Files): cumulative 0, interval 0
AddFile(L0 Files): cumulative 0, interval 0
AddFile(Keys): cumulative 0, interval 0
Cumulative compaction: 0.00 GB write, 0.02 MB/s write, 0.00 GB read, 0.00 MB/s read, 0.0 seconds
Interval compaction: 0.00 GB write, 0.02 MB/s write, 0.00 GB read, 0.00 MB/s read, 0.0 seconds
Stalls(count): 0 level0_slowdown, 0 level0_slowdown_with_compaction, 0 level0_numfiles, 0 level0_numfiles_with_compaction, 0 stop for pending_compaction_bytes, 0 slowdown for pending_compaction_bytes, 0 memtable_compaction, 0 memtable_slowdown, interval 0 total count

** File Read Latency Histogram By Level [default] **
** Level 0 read latency histogram (micros):
Count: 38 Average: 42.3947  StdDev: 87.79
Min: 1  Median: 3.3333  Max: 280
Percentiles: P50: 3.33 P75: 7.00 P99: 280.00 P99.9: 280.00 P99.99: 280.00
------------------------------------------------------
[       0,       1 ]        1   2.632%   2.632% #
(       1,       2 ]        5  13.158%  15.789% ###
(       2,       3 ]       11  28.947%  44.737% ######
(       3,       4 ]        6  15.789%  60.526% ###
(       4,       6 ]        5  13.158%  73.684% ###
(       6,      10 ]        2   5.263%  78.947% #
(      10,      15 ]        1   2.632%  81.579% #
(      22,      34 ]        1   2.632%  84.211% #
(     170,     250 ]        4  10.526%  94.737% ##
(     250,     380 ]        2   5.263% 100.000% #


** Compaction Stats [Configuration] **
Level    Files   Size     Score Read(GB)  Rn(GB) Rnp1(GB) Write(GB) Wnew(GB) Moved(GB) W-Amp Rd(MB/s) Wr(MB/s) Comp(sec) Comp(cnt) Avg(sec) KeyIn KeyDrop
----------------------------------------------------------------------------------------------------------------------------------------------------------
  L0      7/0    5.89 KB   0.7      0.0     0.0      0.0       0.0      0.0       0.0   1.0      0.0      0.3         0         1    0.003       0      0
 Sum      7/0    5.89 KB   0.0      0.0     0.0      0.0       0.0      0.0       0.0   1.0      0.0      0.3         0         1    0.003       0      0
 Int      0/0    0.00 KB   0.0      0.0     0.0      0.0       0.0      0.0       0.0   1.0      0.0      0.3         0         1    0.003       0      0
Uptime(secs): 0.0 total, 0.0 interval
Flush(GB): cumulative 0.000, interval 0.000
AddFile(GB): cumulative 0.000, interval 0.000
AddFile(Total Files): cumulative 0, interval 0
AddFile(L0 Files): cumulative 0, interval 0
AddFile(Keys): cumulative 0, interval 0
Cumulative compaction: 0.00 GB write, 0.02 MB/s write, 0.00 GB read, 0.00 MB/s read, 0.0 seconds
Interval compaction: 0.00 GB write, 0.02 MB/s write, 0.00 GB read, 0.00 MB/s read, 0.0 seconds
Stalls(count): 0 level0_slowdown, 0 level0_slowdown_with_compaction, 0 level0_numfiles, 0 level0_numfiles_with_compaction, 0 stop for pending_compaction_bytes, 0 slowdown for pending_compaction_bytes, 0 memtable_compaction, 0 memtable_slowdown, interval 0 total count

** File Read Latency Histogram By Level [Configuration] **
** Level 0 read latency histogram (micros):
Count: 47 Average: 36.6596  StdDev: 79.62
Min: 2  Median: 4.4167  Max: 302
Percentiles: P50: 4.42 P75: 10.63 P99: 302.00 P99.9: 302.00 P99.99: 302.00
------------------------------------------------------
(       1,       2 ]        2   4.255%   4.255% #
(       2,       3 ]        7  14.894%  19.149% ###
(       3,       4 ]       12  25.532%  44.681% #####
(       4,       6 ]       12  25.532%  70.213% #####
(       6,      10 ]        2   4.255%  74.468% #
(      10,      15 ]        2   4.255%  78.723% #
(      15,      22 ]        2   4.255%  82.979% #
(      22,      34 ]        1   2.128%  85.106% 
(      34,      51 ]        1   2.128%  87.234% 
(     110,     170 ]        1   2.128%  89.362% 
(     170,     250 ]        3   6.383%  95.745% #
(     250,     380 ]        2   4.255% 100.000% #


** Compaction Stats [default] **
Level    Files   Size     Score Read(GB)  Rn(GB) Rnp1(GB) Write(GB) Wnew(GB) Moved(GB) W-Amp Rd(MB/s) Wr(MB/s) Comp(sec) Comp(cnt) Avg(sec) KeyIn KeyDrop
----------------------------------------------------------------------------------------------------------------------------------------------------------
  L0      7/0    5.57 KB   0.7      0.0     0.0      0.0       0.0      0.0       0.0   1.0      0.0      0.2         0         1    0.003       0      0
 Sum      7/0    5.57 KB   0.0      0.0     0.0      0.0       0.0      0.0       0.0   1.0      0.0      0.2         0         1    0.003       0      0
 Int      0/0    0.00 KB   0.0      0.0     0.0      0.0       0.0      0.0       0.0   0.0      0.0      0.0         0         0    0.000       0      0
Uptime(secs): 0.0 total, 0.0 interval
Flush(GB): cumulative 0.000, interval 0.000
AddFile(GB): cumulative 0.000, interval 0.000
AddFile(Total Files): cumulative 0, interval 0
AddFile(L0 Files): cumulative 0, interval 0
AddFile(Keys): cumulative 0, interval 0
Cumulative compaction: 0.00 GB write, 0.02 MB/s write, 0.00 GB read, 0.00 MB/s read, 0.0 seconds
Interval compaction: 0.00 GB write, 0.00 MB/s write, 0.00 GB read, 0.00 MB/s read, 0.0 seconds
Stalls(count): 0 level0_slowdown, 0 level0_slowdown_with_compaction, 0 level0_numfiles, 0 level0_numfiles_with_compaction, 0 stop for pending_compaction_bytes, 0 slowdown for pending_compaction_bytes, 0 memtable_compaction, 0 memtable_slowdown, interval 0 total count

** File Read Latency Histogram By Level [default] **
** Level 0 read latency histogram (micros):
Count: 38 Average: 42.3947  StdDev: 87.79
Min: 1  Median: 3.3333  Max: 280
Percentiles: P50: 3.33 P75: 7.00 P99: 280.00 P99.9: 280.00 P99.99: 280.00
------------------------------------------------------
[       0,       1 ]        1   2.632%   2.632% #
(       1,       2 ]        5  13.158%  15.789% ###
(       2,       3 ]       11  28.947%  44.737% ######
(       3,       4 ]        6  15.789%  60.526% ###
(       4,       6 ]        5  13.158%  73.684% ###
(       6,      10 ]        2   5.263%  78.947% #
(      10,      15 ]        1   2.632%  81.579% #
(      22,      34 ]        1   2.632%  84.211% #
(     170,     250 ]        4  10.526%  94.737% ##
(     250,     380 ]        2   5.263% 100.000% #


** Compaction Stats [Configuration] **
Level    Files   Size     Score Read(GB)  Rn(GB) Rnp1(GB) Write(GB) Wnew(GB) Moved(GB) W-Amp Rd(MB/s) Wr(MB/s) Comp(sec) Comp(cnt) Avg(sec) KeyIn KeyDrop
----------------------------------------------------------------------------------------------------------------------------------------------------------
  L0      7/0    5.89 KB   0.7      0.0     0.0      0.0       0.0      0.0       0.0   1.0      0.0      0.3         0         1    0.003       0      0
 Sum      7/0    5.89 KB   0.0      0.0     0.0      0.0       0.0      0.0       0.0   1.0      0.0      0.3         0         1    0.003       0      0
 Int      0/0    0.00 KB   0.0      0.0     0.0      0.0       0.0      0.0       0.0   0.0      0.0      0.0         0         0    0.000       0      0
Uptime(secs): 0.0 total, 0.0 interval
Flush(GB): cumulative 0.000, interval 0.000
AddFile(GB): cumulative 0.000, interval 0.000
AddFile(Total Files): cumulative 0, interval 0
AddFile(L0 Files): cumulative 0, interval 0
AddFile(Keys): cumulative 0, interval 0
Cumulative compaction: 0.00 GB write, 0.02 MB/s write, 0.00 GB read, 0.00 MB/s read, 0.0 seconds
Interval compaction: 0.00 GB write, 0.00 MB/s write, 0.00 GB read, 0.00 MB/s read, 0.0 seconds
Stalls(count): 0 level0_slowdown, 0 level0_slowdown_with_compaction, 0 level0_numfiles, 0 level0_numfiles_with_compaction, 0 stop for pending_compaction_bytes, 0 slowdown for pending_compaction_bytes, 0 memtable_compaction, 0 memtable_slowdown, interval 0 total count

** File Read Latency Histogram By Level [Configuration] **
** Level 0 read latency histogram (micros):
Count: 47 Average: 36.6596  StdDev: 79.62
Min: 2  Median: 4.4167  Max: 302
Percentiles: P50: 4.42 P75: 10.63 P99: 302.00 P99.9: 302.00 P99.99: 302.00
------------------------------------------------------
(       1,       2 ]        2   4.255%   4.255% #
(       2,       3 ]        7  14.894%  19.149% ###
(       3,       4 ]       12  25.532%  44.681% #####
(       4,       6 ]       12  25.532%  70.213% #####
(       6,      10 ]        2   4.255%  74.468% #
(      10,      15 ]        2   4.255%  78.723% #
(      15,      22 ]        2   4.255%  82.979% #
(      22,      34 ]        1   2.128%  85.106% 
(      34,      51 ]        1   2.128%  87.234% 
(     110,     170 ]        1   2.128%  89.362% 
(     170,     250 ]        3   6.383%  95.745% #
(     250,     380 ]        2   4.255% 100.000% #

2022/09/26-14:39:10.855901 8058 [WARN] [db\db_impl.cc:617] STATISTICS:
 rocksdb.block.cache.miss COUNT : 29
rocksdb.block.cache.hit COUNT : 7
rocksdb.block.cache.add COUNT : 29
rocksdb.block.cache.add.failures COUNT : 0
rocksdb.block.cache.index.miss COUNT : 12
rocksdb.block.cache.index.hit COUNT : 7
rocksdb.block.cache.index.add COUNT : 12
rocksdb.block.cache.index.bytes.insert COUNT : 1224
rocksdb.block.cache.index.bytes.evict COUNT : 0
rocksdb.block.cache.filter.miss COUNT : 0
rocksdb.block.cache.filter.hit COUNT : 0
rocksdb.block.cache.filter.add COUNT : 0
rocksdb.block.cache.filter.bytes.insert COUNT : 0
rocksdb.block.cache.filter.bytes.evict COUNT : 0
rocksdb.block.cache.data.miss COUNT : 17
rocksdb.block.cache.data.hit COUNT : 0
rocksdb.block.cache.data.add COUNT : 17
rocksdb.block.cache.data.bytes.insert COUNT : 2328
rocksdb.block.cache.bytes.read COUNT : 714
rocksdb.block.cache.bytes.write COUNT : 3552
rocksdb.bloom.filter.useful COUNT : 0
rocksdb.bloom.filter.full.positive COUNT : 0
rocksdb.bloom.filter.full.true.positive COUNT : 0
rocksdb.persistent.cache.hit COUNT : 0
rocksdb.persistent.cache.miss COUNT : 0
rocksdb.sim.block.cache.hit COUNT : 0
rocksdb.sim.block.cache.miss COUNT : 0
rocksdb.memtable.hit COUNT : 0
rocksdb.memtable.miss COUNT : 0
rocksdb.l0.hit COUNT : 0
rocksdb.l1.hit COUNT : 0
rocksdb.l2andup.hit COUNT : 0
rocksdb.compaction.key.drop.new COUNT : 0
rocksdb.compaction.key.drop.obsolete COUNT : 0
rocksdb.compaction.key.drop.range_del COUNT : 0
rocksdb.compaction.key.drop.user COUNT : 0
rocksdb.compaction.range_del.drop.obsolete COUNT : 0
rocksdb.compaction.optimized.del.drop.obsolete COUNT : 0
rocksdb.compaction.cancelled COUNT : 0
rocksdb.number.keys.written COUNT : 0
rocksdb.number.keys.read COUNT : 0
rocksdb.number.keys.updated COUNT : 0
rocksdb.bytes.written COUNT : 0
rocksdb.bytes.read COUNT : 0
rocksdb.number.db.seek COUNT : 1
rocksdb.number.db.next COUNT : 1
rocksdb.number.db.prev COUNT : 0
rocksdb.number.db.seek.found COUNT : 1
rocksdb.number.db.next.found COUNT : 0
rocksdb.number.db.prev.found COUNT : 0
rocksdb.db.iter.bytes.read COUNT : 26
rocksdb.no.file.closes COUNT : 0
rocksdb.no.file.opens COUNT : 14
rocksdb.no.file.errors COUNT : 0
rocksdb.l0.slowdown.micros COUNT : 0
rocksdb.memtable.compaction.micros COUNT : 0
rocksdb.l0.num.files.stall.micros COUNT : 0
rocksdb.stall.micros COUNT : 0
rocksdb.db.mutex.wait.micros COUNT : 0
rocksdb.rate.limit.delay.millis COUNT : 0
rocksdb.num.iterators COUNT : 0
rocksdb.number.multiget.get COUNT : 0
rocksdb.number.multiget.keys.read COUNT : 0
rocksdb.number.multiget.bytes.read COUNT : 0
rocksdb.number.deletes.filtered COUNT : 0
rocksdb.number.merge.failures COUNT : 0
rocksdb.bloom.filter.prefix.checked COUNT : 0
rocksdb.bloom.filter.prefix.useful COUNT : 0
rocksdb.number.reseeks.iteration COUNT : 0
rocksdb.getupdatessince.calls COUNT : 0
rocksdb.block.cachecompressed.miss COUNT : 0
rocksdb.block.cachecompressed.hit COUNT : 0
rocksdb.block.cachecompressed.add COUNT : 0
rocksdb.block.cachecompressed.add.failures COUNT : 0
rocksdb.wal.synced COUNT : 0
rocksdb.wal.bytes COUNT : 0
rocksdb.write.self COUNT : 0
rocksdb.write.other COUNT : 0
rocksdb.write.timeout COUNT : 0
rocksdb.write.wal COUNT : 0
rocksdb.compact.read.bytes COUNT : 0
rocksdb.compact.write.bytes COUNT : 1624
rocksdb.flush.write.bytes COUNT : 0
rocksdb.number.direct.load.table.properties COUNT : 0
rocksdb.number.superversion_acquires COUNT : 2
rocksdb.number.superversion_releases COUNT : 0
rocksdb.number.superversion_cleanups COUNT : 0
rocksdb.number.block.compressed COUNT : 1
rocksdb.number.block.decompressed COUNT : 2
rocksdb.number.block.not_compressed COUNT : 0
rocksdb.merge.operation.time.nanos COUNT : 0
rocksdb.filter.operation.time.nanos COUNT : 0
rocksdb.row.cache.hit COUNT : 0
rocksdb.row.cache.miss COUNT : 0
rocksdb.read.amp.estimate.useful.bytes COUNT : 0
rocksdb.read.amp.total.read.bytes COUNT : 0
rocksdb.number.rate_limiter.drains COUNT : 0
rocksdb.number.iter.skip COUNT : 7
rocksdb.blobdb.num.put COUNT : 0
rocksdb.blobdb.num.write COUNT : 0
rocksdb.blobdb.num.get COUNT : 0
rocksdb.blobdb.num.multiget COUNT : 0
rocksdb.blobdb.num.seek COUNT : 0
rocksdb.blobdb.num.next COUNT : 0
rocksdb.blobdb.num.prev COUNT : 0
rocksdb.blobdb.num.keys.written COUNT : 0
rocksdb.blobdb.num.keys.read COUNT : 0
rocksdb.blobdb.bytes.written COUNT : 0
rocksdb.blobdb.bytes.read COUNT : 0
rocksdb.blobdb.write.inlined COUNT : 0
rocksdb.blobdb.write.inlined.ttl COUNT : 0
rocksdb.blobdb.write.blob COUNT : 0
rocksdb.blobdb.write.blob.ttl COUNT : 0
rocksdb.blobdb.blob.file.bytes.written COUNT : 0
rocksdb.blobdb.blob.file.bytes.read COUNT : 0
rocksdb.blobdb.blob.file.synced COUNT : 0
rocksdb.blobdb.blob.index.expired.count COUNT : 0
rocksdb.blobdb.blob.index.expired.size COUNT : 0
rocksdb.blobdb.blob.index.evicted.count COUNT : 0
rocksdb.blobdb.blob.index.evicted.size COUNT : 0
rocksdb.blobdb.gc.num.files COUNT : 0
rocksdb.blobdb.gc.num.new.files COUNT : 0
rocksdb.blobdb.gc.failures COUNT : 0
rocksdb.blobdb.gc.num.keys.overwritten COUNT : 0
rocksdb.blobdb.gc.num.keys.expired COUNT : 0
rocksdb.blobdb.gc.num.keys.relocated COUNT : 0
rocksdb.blobdb.gc.bytes.overwritten COUNT : 0
rocksdb.blobdb.gc.bytes.expired COUNT : 0
rocksdb.blobdb.gc.bytes.relocated COUNT : 0
rocksdb.blobdb.fifo.num.files.evicted COUNT : 0
rocksdb.blobdb.fifo.num.keys.evicted COUNT : 0
rocksdb.blobdb.fifo.bytes.evicted COUNT : 0
rocksdb.txn.overhead.mutex.prepare COUNT : 0
rocksdb.txn.overhead.mutex.old.commit.map COUNT : 0
rocksdb.txn.overhead.duplicate.key COUNT : 0
rocksdb.txn.overhead.mutex.snapshot COUNT : 0
rocksdb.number.multiget.keys.found COUNT : 0
rocksdb.num.iterator.created COUNT : 2
rocksdb.num.iterator.deleted COUNT : 1
rocksdb.db.get.micros P50 : 0.000000 P95 : 0.000000 P99 : 0.000000 P100 : 0.000000 COUNT : 0 SUM : 0
