2022/09/26-14:39:10.740245 9a3c RocksDB version: 5.18.4
2022/09/26-14:39:10.740515 9a3c Git sha rocksdb_build_git_sha:@b9a4a10659969c71e6f6eab4e4bae8c36ede919f@
2022/09/26-14:39:10.740552 9a3c Compile date Mar 11 2020
2022/09/26-14:39:10.740569 9a3c DB SUMMARY
2022/09/26-14:39:10.740878 9a3c CURRENT file:  CURRENT
2022/09/26-14:39:10.740903 9a3c IDENTITY file:  IDENTITY
2022/09/26-14:39:10.740970 9a3c MANIFEST file:  MANIFEST-000027 size: 658 Bytes
2022/09/26-14:39:10.740986 9a3c SST files in C:\Users\jiangkai\Documents\CodeProject\springCloldAlibabaStudy\nacos\data\protocol\raft\naming_instance_metadata\log dir, Total Num: 12, files: 000006.sst 000008.sst 000010.sst 000012.sst 000014.sst 000016.sst 000018.sst 000020.sst 000022.sst 
2022/09/26-14:39:10.740997 9a3c Write Ahead Log file in C:\Users\jiangkai\Documents\CodeProject\springCloldAlibabaStudy\nacos\data\protocol\raft\naming_instance_metadata\log: 000029.log size: 817 ; 
2022/09/26-14:39:10.741158 9a3c                         Options.error_if_exists: 0
2022/09/26-14:39:10.741167 9a3c                       Options.create_if_missing: 1
2022/09/26-14:39:10.741170 9a3c                         Options.paranoid_checks: 1
2022/09/26-14:39:10.741174 9a3c                                     Options.env: 0000013D738082C0
2022/09/26-14:39:10.741178 9a3c                                Options.info_log: 0000013D761CBD00
2022/09/26-14:39:10.741181 9a3c                Options.max_file_opening_threads: 16
2022/09/26-14:39:10.741185 9a3c                              Options.statistics: 0000013D751EE670
2022/09/26-14:39:10.741189 9a3c                               Options.use_fsync: 0
2022/09/26-14:39:10.741192 9a3c                       Options.max_log_file_size: 0
2022/09/26-14:39:10.741196 9a3c                  Options.max_manifest_file_size: 1073741824
2022/09/26-14:39:10.741199 9a3c                   Options.log_file_time_to_roll: 0
2022/09/26-14:39:10.741202 9a3c                       Options.keep_log_file_num: 1000
2022/09/26-14:39:10.741206 9a3c                    Options.recycle_log_file_num: 0
2022/09/26-14:39:10.741209 9a3c                         Options.allow_fallocate: 1
2022/09/26-14:39:10.741212 9a3c                        Options.allow_mmap_reads: 0
2022/09/26-14:39:10.741215 9a3c                       Options.allow_mmap_writes: 0
2022/09/26-14:39:10.741218 9a3c                        Options.use_direct_reads: 0
2022/09/26-14:39:10.741221 9a3c                        Options.use_direct_io_for_flush_and_compaction: 0
2022/09/26-14:39:10.741224 9a3c          Options.create_missing_column_families: 1
2022/09/26-14:39:10.741227 9a3c                              Options.db_log_dir: 
2022/09/26-14:39:10.741231 9a3c                                 Options.wal_dir: C:\Users\jiangkai\Documents\CodeProject\springCloldAlibabaStudy\nacos\data\protocol\raft\naming_instance_metadata\log
2022/09/26-14:39:10.741234 9a3c                Options.table_cache_numshardbits: 6
2022/09/26-14:39:10.741237 9a3c                      Options.max_subcompactions: 1
2022/09/26-14:39:10.741240 9a3c                  Options.max_background_flushes: 1
2022/09/26-14:39:10.741243 9a3c                         Options.WAL_ttl_seconds: 0
2022/09/26-14:39:10.741246 9a3c                       Options.WAL_size_limit_MB: 0
2022/09/26-14:39:10.741249 9a3c             Options.manifest_preallocation_size: 4194304
2022/09/26-14:39:10.741253 9a3c                     Options.is_fd_close_on_exec: 1
2022/09/26-14:39:10.741256 9a3c                   Options.advise_random_on_open: 1
2022/09/26-14:39:10.741259 9a3c                    Options.db_write_buffer_size: 0
2022/09/26-14:39:10.741262 9a3c                    Options.write_buffer_manager: 0000013D751EDED0
2022/09/26-14:39:10.741268 9a3c         Options.access_hint_on_compaction_start: 1
2022/09/26-14:39:10.741271 9a3c  Options.new_table_reader_for_compaction_inputs: 0
2022/09/26-14:39:10.741274 9a3c           Options.random_access_max_buffer_size: 1048576
2022/09/26-14:39:10.741277 9a3c                      Options.use_adaptive_mutex: 0
2022/09/26-14:39:10.741281 9a3c                            Options.rate_limiter: 0000000000000000
2022/09/26-14:39:10.741316 9a3c     Options.sst_file_manager.rate_bytes_per_sec: 0
2022/09/26-14:39:10.741322 9a3c                       Options.wal_recovery_mode: 2
2022/09/26-14:39:10.741325 9a3c                  Options.enable_thread_tracking: 0
2022/09/26-14:39:10.741329 9a3c                  Options.enable_pipelined_write: 0
2022/09/26-14:39:10.741334 9a3c         Options.allow_concurrent_memtable_write: 1
2022/09/26-14:39:10.741338 9a3c      Options.enable_write_thread_adaptive_yield: 1
2022/09/26-14:39:10.741342 9a3c             Options.write_thread_max_yield_usec: 100
2022/09/26-14:39:10.741346 9a3c            Options.write_thread_slow_yield_usec: 3
2022/09/26-14:39:10.741350 9a3c                               Options.row_cache: None
2022/09/26-14:39:10.741354 9a3c                              Options.wal_filter: None
2022/09/26-14:39:10.741359 9a3c             Options.avoid_flush_during_recovery: 0
2022/09/26-14:39:10.741362 9a3c             Options.allow_ingest_behind: 0
2022/09/26-14:39:10.741367 9a3c             Options.preserve_deletes: 0
2022/09/26-14:39:10.741371 9a3c             Options.two_write_queues: 0
2022/09/26-14:39:10.741375 9a3c             Options.manual_wal_flush: 0
2022/09/26-14:39:10.741378 9a3c             Options.max_background_jobs: 2
2022/09/26-14:39:10.741382 9a3c             Options.max_background_compactions: 4
2022/09/26-14:39:10.741386 9a3c             Options.avoid_flush_during_shutdown: 0
2022/09/26-14:39:10.741390 9a3c           Options.writable_file_max_buffer_size: 1048576
2022/09/26-14:39:10.741394 9a3c             Options.delayed_write_rate : 16777216
2022/09/26-14:39:10.741399 9a3c             Options.max_total_wal_size: 0
2022/09/26-14:39:10.741403 9a3c             Options.delete_obsolete_files_period_micros: 21600000000
2022/09/26-14:39:10.741407 9a3c                   Options.stats_dump_period_sec: 600
2022/09/26-14:39:10.741411 9a3c                          Options.max_open_files: -1
2022/09/26-14:39:10.741415 9a3c                          Options.bytes_per_sync: 0
2022/09/26-14:39:10.741419 9a3c                      Options.wal_bytes_per_sync: 0
2022/09/26-14:39:10.741423 9a3c       Options.compaction_readahead_size: 0
2022/09/26-14:39:10.741427 9a3c Compression algorithms supported:
2022/09/26-14:39:10.741432 9a3c 	kZSTD supported: 1
2022/09/26-14:39:10.741436 9a3c 	kSnappyCompression supported: 1
2022/09/26-14:39:10.741440 9a3c 	kBZip2Compression supported: 0
2022/09/26-14:39:10.741444 9a3c 	kZlibCompression supported: 1
2022/09/26-14:39:10.741448 9a3c 	kLZ4Compression supported: 1
2022/09/26-14:39:10.741452 9a3c 	kXpressCompression supported: 0
2022/09/26-14:39:10.741456 9a3c 	kLZ4HCCompression supported: 1
2022/09/26-14:39:10.741459 9a3c 	kZSTDNotFinalCompression supported: 1
2022/09/26-14:39:10.741466 9a3c Fast CRC32 supported: Supported on x86
2022/09/26-14:39:10.743341 9a3c [db\version_set.cc:3508] Recovering from manifest file: MANIFEST-000027
2022/09/26-14:39:10.743687 9a3c [db\column_family.cc:474] --------------- Options for column family [default]:
2022/09/26-14:39:10.743702 9a3c               Options.comparator: leveldb.BytewiseComparator
2022/09/26-14:39:10.743706 9a3c           Options.merge_operator: StringAppendOperator
2022/09/26-14:39:10.743709 9a3c        Options.compaction_filter: None
2022/09/26-14:39:10.743712 9a3c        Options.compaction_filter_factory: None
2022/09/26-14:39:10.743715 9a3c         Options.memtable_factory: SkipListFactory
2022/09/26-14:39:10.743719 9a3c            Options.table_factory: BlockBasedTable
2022/09/26-14:39:10.743741 9a3c            table_factory options:   flush_block_policy_factory: FlushBlockBySizePolicyFactory (0000013D78B91490)
  cache_index_and_filter_blocks: 0
  cache_index_and_filter_blocks_with_high_priority: 1
  pin_l0_filter_and_index_blocks_in_cache: 1
  pin_top_level_index_and_filter: 1
  index_type: 2
  hash_index_allow_collision: 1
  checksum: 1
  no_block_cache: 0
  block_cache: 0000013D75C87B90
  block_cache_name: LRUCache
  block_cache_options:
    capacity : 536870912
    num_shard_bits : 8
    strict_capacity_limit : 0
    memory_allocator : None
    high_pri_pool_ratio: 0.000
  block_cache_compressed: 0000000000000000
  persistent_cache: 0000000000000000
  block_size: 4096
  block_size_deviation: 10
  block_restart_interval: 16
  index_block_restart_interval: 1
  metadata_block_size: 8192
  partition_filters: 1
  use_delta_encoding: 1
  filter_policy: nullptr
  whole_key_filtering: 1
  verify_compression: 0
  read_amp_bytes_per_bit: 0
  format_version: 0
  enable_index_compression: 1
  block_align: 0
2022/09/26-14:39:10.743807 9a3c        Options.write_buffer_size: 67108864
2022/09/26-14:39:10.743813 9a3c  Options.max_write_buffer_number: 3
2022/09/26-14:39:10.743816 9a3c          Options.compression: Snappy
2022/09/26-14:39:10.743820 9a3c                  Options.bottommost_compression: Disabled
2022/09/26-14:39:10.743823 9a3c       Options.prefix_extractor: rocksdb.FixedPrefix.8
2022/09/26-14:39:10.743826 9a3c   Options.memtable_insert_with_hint_prefix_extractor: nullptr
2022/09/26-14:39:10.743829 9a3c             Options.num_levels: 7
2022/09/26-14:39:10.743832 9a3c        Options.min_write_buffer_number_to_merge: 1
2022/09/26-14:39:10.743836 9a3c     Options.max_write_buffer_number_to_maintain: 0
2022/09/26-14:39:10.743839 9a3c            Options.bottommost_compression_opts.window_bits: -14
2022/09/26-14:39:10.743842 9a3c                  Options.bottommost_compression_opts.level: 32767
2022/09/26-14:39:10.743845 9a3c               Options.bottommost_compression_opts.strategy: 0
2022/09/26-14:39:10.743848 9a3c         Options.bottommost_compression_opts.max_dict_bytes: 0
2022/09/26-14:39:10.743851 9a3c         Options.bottommost_compression_opts.zstd_max_train_bytes: 0
2022/09/26-14:39:10.743855 9a3c                  Options.bottommost_compression_opts.enabled: false
2022/09/26-14:39:10.743858 9a3c            Options.compression_opts.window_bits: -14
2022/09/26-14:39:10.743861 9a3c                  Options.compression_opts.level: 32767
2022/09/26-14:39:10.743864 9a3c               Options.compression_opts.strategy: 0
2022/09/26-14:39:10.743868 9a3c         Options.compression_opts.max_dict_bytes: 0
2022/09/26-14:39:10.743871 9a3c         Options.compression_opts.zstd_max_train_bytes: 0
2022/09/26-14:39:10.743874 9a3c                  Options.compression_opts.enabled: false
2022/09/26-14:39:10.743878 9a3c      Options.level0_file_num_compaction_trigger: 10
2022/09/26-14:39:10.743883 9a3c          Options.level0_slowdown_writes_trigger: 20
2022/09/26-14:39:10.743887 9a3c              Options.level0_stop_writes_trigger: 40
2022/09/26-14:39:10.743891 9a3c                   Options.target_file_size_base: 67108864
2022/09/26-14:39:10.743895 9a3c             Options.target_file_size_multiplier: 1
2022/09/26-14:39:10.743899 9a3c                Options.max_bytes_for_level_base: 536870912
2022/09/26-14:39:10.743903 9a3c Options.level_compaction_dynamic_level_bytes: 0
2022/09/26-14:39:10.743907 9a3c          Options.max_bytes_for_level_multiplier: 10.000000
2022/09/26-14:39:10.743915 9a3c Options.max_bytes_for_level_multiplier_addtl[0]: 1
2022/09/26-14:39:10.743919 9a3c Options.max_bytes_for_level_multiplier_addtl[1]: 1
2022/09/26-14:39:10.743923 9a3c Options.max_bytes_for_level_multiplier_addtl[2]: 1
2022/09/26-14:39:10.743927 9a3c Options.max_bytes_for_level_multiplier_addtl[3]: 1
2022/09/26-14:39:10.743932 9a3c Options.max_bytes_for_level_multiplier_addtl[4]: 1
2022/09/26-14:39:10.743936 9a3c Options.max_bytes_for_level_multiplier_addtl[5]: 1
2022/09/26-14:39:10.743940 9a3c Options.max_bytes_for_level_multiplier_addtl[6]: 1
2022/09/26-14:39:10.743944 9a3c       Options.max_sequential_skip_in_iterations: 8
2022/09/26-14:39:10.743948 9a3c                    Options.max_compaction_bytes: 1677721600
2022/09/26-14:39:10.743953 9a3c                        Options.arena_block_size: 8388608
2022/09/26-14:39:10.743956 9a3c   Options.soft_pending_compaction_bytes_limit: 68719476736
2022/09/26-14:39:10.743959 9a3c   Options.hard_pending_compaction_bytes_limit: 274877906944
2022/09/26-14:39:10.743965 9a3c       Options.rate_limit_delay_max_milliseconds: 100
2022/09/26-14:39:10.743969 9a3c                Options.disable_auto_compactions: 0
2022/09/26-14:39:10.743974 9a3c                        Options.compaction_style: kCompactionStyleLevel
2022/09/26-14:39:10.743978 9a3c                          Options.compaction_pri: kByCompensatedSize
2022/09/26-14:39:10.743981 9a3c Options.compaction_options_universal.size_ratio: 1
2022/09/26-14:39:10.743984 9a3c Options.compaction_options_universal.min_merge_width: 2
2022/09/26-14:39:10.743987 9a3c Options.compaction_options_universal.max_merge_width: 4294967295
2022/09/26-14:39:10.743991 9a3c Options.compaction_options_universal.max_size_amplification_percent: 200
2022/09/26-14:39:10.743994 9a3c Options.compaction_options_universal.compression_size_percent: -1
2022/09/26-14:39:10.743998 9a3c Options.compaction_options_universal.stop_style: kCompactionStopStyleTotalSize
2022/09/26-14:39:10.744001 9a3c Options.compaction_options_fifo.max_table_files_size: 1073741824
2022/09/26-14:39:10.744004 9a3c Options.compaction_options_fifo.allow_compaction: 0
2022/09/26-14:39:10.744007 9a3c Options.compaction_options_fifo.ttl: 0
2022/09/26-14:39:10.744010 9a3c                   Options.table_properties_collectors: 
2022/09/26-14:39:10.744014 9a3c                   Options.inplace_update_support: 0
2022/09/26-14:39:10.744017 9a3c                 Options.inplace_update_num_locks: 10000
2022/09/26-14:39:10.744020 9a3c               Options.memtable_prefix_bloom_size_ratio: 0.125000
2022/09/26-14:39:10.744024 9a3c   Options.memtable_huge_page_size: 0
2022/09/26-14:39:10.744027 9a3c                           Options.bloom_locality: 0
2022/09/26-14:39:10.744030 9a3c                    Options.max_successive_merges: 0
2022/09/26-14:39:10.744033 9a3c                Options.optimize_filters_for_hits: 0
2022/09/26-14:39:10.744036 9a3c                Options.paranoid_file_checks: 0
2022/09/26-14:39:10.744040 9a3c                Options.force_consistency_checks: 1
2022/09/26-14:39:10.744043 9a3c                Options.report_bg_io_stats: 0
2022/09/26-14:39:10.744046 9a3c                               Options.ttl: 0
2022/09/26-14:39:10.747231 9a3c [db\column_family.cc:474] --------------- Options for column family [Configuration]:
2022/09/26-14:39:10.747260 9a3c               Options.comparator: leveldb.BytewiseComparator
2022/09/26-14:39:10.747265 9a3c           Options.merge_operator: StringAppendOperator
2022/09/26-14:39:10.747269 9a3c        Options.compaction_filter: None
2022/09/26-14:39:10.747272 9a3c        Options.compaction_filter_factory: None
2022/09/26-14:39:10.747276 9a3c         Options.memtable_factory: SkipListFactory
2022/09/26-14:39:10.747280 9a3c            Options.table_factory: BlockBasedTable
2022/09/26-14:39:10.747312 9a3c            table_factory options:   flush_block_policy_factory: FlushBlockBySizePolicyFactory (0000013D78B91490)
  cache_index_and_filter_blocks: 0
  cache_index_and_filter_blocks_with_high_priority: 1
  pin_l0_filter_and_index_blocks_in_cache: 1
  pin_top_level_index_and_filter: 1
  index_type: 2
  hash_index_allow_collision: 1
  checksum: 1
  no_block_cache: 0
  block_cache: 0000013D75C87B90
  block_cache_name: LRUCache
  block_cache_options:
    capacity : 536870912
    num_shard_bits : 8
    strict_capacity_limit : 0
    memory_allocator : None
    high_pri_pool_ratio: 0.000
  block_cache_compressed: 0000000000000000
  persistent_cache: 0000000000000000
  block_size: 4096
  block_size_deviation: 10
  block_restart_interval: 16
  index_block_restart_interval: 1
  metadata_block_size: 8192
  partition_filters: 1
  use_delta_encoding: 1
  filter_policy: nullptr
  whole_key_filtering: 1
  verify_compression: 0
  read_amp_bytes_per_bit: 0
  format_version: 0
  enable_index_compression: 1
  block_align: 0
2022/09/26-14:39:10.747317 9a3c        Options.write_buffer_size: 67108864
2022/09/26-14:39:10.747321 9a3c  Options.max_write_buffer_number: 3
2022/09/26-14:39:10.747324 9a3c          Options.compression: Snappy
2022/09/26-14:39:10.747327 9a3c                  Options.bottommost_compression: Disabled
2022/09/26-14:39:10.747403 9a3c       Options.prefix_extractor: rocksdb.FixedPrefix.8
2022/09/26-14:39:10.747408 9a3c   Options.memtable_insert_with_hint_prefix_extractor: nullptr
2022/09/26-14:39:10.747412 9a3c             Options.num_levels: 7
2022/09/26-14:39:10.747415 9a3c        Options.min_write_buffer_number_to_merge: 1
2022/09/26-14:39:10.747418 9a3c     Options.max_write_buffer_number_to_maintain: 0
2022/09/26-14:39:10.747421 9a3c            Options.bottommost_compression_opts.window_bits: -14
2022/09/26-14:39:10.747425 9a3c                  Options.bottommost_compression_opts.level: 32767
2022/09/26-14:39:10.747428 9a3c               Options.bottommost_compression_opts.strategy: 0
2022/09/26-14:39:10.747431 9a3c         Options.bottommost_compression_opts.max_dict_bytes: 0
2022/09/26-14:39:10.747434 9a3c         Options.bottommost_compression_opts.zstd_max_train_bytes: 0
2022/09/26-14:39:10.747438 9a3c                  Options.bottommost_compression_opts.enabled: false
2022/09/26-14:39:10.747441 9a3c            Options.compression_opts.window_bits: -14
2022/09/26-14:39:10.747444 9a3c                  Options.compression_opts.level: 32767
2022/09/26-14:39:10.747447 9a3c               Options.compression_opts.strategy: 0
2022/09/26-14:39:10.747450 9a3c         Options.compression_opts.max_dict_bytes: 0
2022/09/26-14:39:10.747453 9a3c         Options.compression_opts.zstd_max_train_bytes: 0
2022/09/26-14:39:10.747457 9a3c                  Options.compression_opts.enabled: false
2022/09/26-14:39:10.747460 9a3c      Options.level0_file_num_compaction_trigger: 10
2022/09/26-14:39:10.747463 9a3c          Options.level0_slowdown_writes_trigger: 20
2022/09/26-14:39:10.747466 9a3c              Options.level0_stop_writes_trigger: 40
2022/09/26-14:39:10.747470 9a3c                   Options.target_file_size_base: 67108864
2022/09/26-14:39:10.747473 9a3c             Options.target_file_size_multiplier: 1
2022/09/26-14:39:10.747476 9a3c                Options.max_bytes_for_level_base: 536870912
2022/09/26-14:39:10.747479 9a3c Options.level_compaction_dynamic_level_bytes: 0
2022/09/26-14:39:10.747482 9a3c          Options.max_bytes_for_level_multiplier: 10.000000
2022/09/26-14:39:10.747489 9a3c Options.max_bytes_for_level_multiplier_addtl[0]: 1
2022/09/26-14:39:10.747492 9a3c Options.max_bytes_for_level_multiplier_addtl[1]: 1
2022/09/26-14:39:10.747495 9a3c Options.max_bytes_for_level_multiplier_addtl[2]: 1
2022/09/26-14:39:10.747498 9a3c Options.max_bytes_for_level_multiplier_addtl[3]: 1
2022/09/26-14:39:10.747502 9a3c Options.max_bytes_for_level_multiplier_addtl[4]: 1
2022/09/26-14:39:10.747505 9a3c Options.max_bytes_for_level_multiplier_addtl[5]: 1
2022/09/26-14:39:10.747508 9a3c Options.max_bytes_for_level_multiplier_addtl[6]: 1
2022/09/26-14:39:10.747511 9a3c       Options.max_sequential_skip_in_iterations: 8
2022/09/26-14:39:10.747514 9a3c                    Options.max_compaction_bytes: 1677721600
2022/09/26-14:39:10.747517 9a3c                        Options.arena_block_size: 8388608
2022/09/26-14:39:10.747520 9a3c   Options.soft_pending_compaction_bytes_limit: 68719476736
2022/09/26-14:39:10.747524 9a3c   Options.hard_pending_compaction_bytes_limit: 274877906944
2022/09/26-14:39:10.747527 9a3c       Options.rate_limit_delay_max_milliseconds: 100
2022/09/26-14:39:10.747530 9a3c                Options.disable_auto_compactions: 0
2022/09/26-14:39:10.747534 9a3c                        Options.compaction_style: kCompactionStyleLevel
2022/09/26-14:39:10.747538 9a3c                          Options.compaction_pri: kByCompensatedSize
2022/09/26-14:39:10.747542 9a3c Options.compaction_options_universal.size_ratio: 1
2022/09/26-14:39:10.747545 9a3c Options.compaction_options_universal.min_merge_width: 2
2022/09/26-14:39:10.747548 9a3c Options.compaction_options_universal.max_merge_width: 4294967295
2022/09/26-14:39:10.747552 9a3c Options.compaction_options_universal.max_size_amplification_percent: 200
2022/09/26-14:39:10.747556 9a3c Options.compaction_options_universal.compression_size_percent: -1
2022/09/26-14:39:10.747562 9a3c Options.compaction_options_universal.stop_style: kCompactionStopStyleTotalSize
2022/09/26-14:39:10.747567 9a3c Options.compaction_options_fifo.max_table_files_size: 1073741824
2022/09/26-14:39:10.747571 9a3c Options.compaction_options_fifo.allow_compaction: 0
2022/09/26-14:39:10.747576 9a3c Options.compaction_options_fifo.ttl: 0
2022/09/26-14:39:10.747580 9a3c                   Options.table_properties_collectors: 
2022/09/26-14:39:10.747584 9a3c                   Options.inplace_update_support: 0
2022/09/26-14:39:10.747589 9a3c                 Options.inplace_update_num_locks: 10000
2022/09/26-14:39:10.747594 9a3c               Options.memtable_prefix_bloom_size_ratio: 0.125000
2022/09/26-14:39:10.747599 9a3c   Options.memtable_huge_page_size: 0
2022/09/26-14:39:10.747603 9a3c                           Options.bloom_locality: 0
2022/09/26-14:39:10.747607 9a3c                    Options.max_successive_merges: 0
2022/09/26-14:39:10.747611 9a3c                Options.optimize_filters_for_hits: 0
2022/09/26-14:39:10.747616 9a3c                Options.paranoid_file_checks: 0
2022/09/26-14:39:10.747619 9a3c                Options.force_consistency_checks: 1
2022/09/26-14:39:10.747623 9a3c                Options.report_bg_io_stats: 0
2022/09/26-14:39:10.747627 9a3c                               Options.ttl: 0
2022/09/26-14:39:10.754201 9a3c [db\version_set.cc:3724] Recovered from manifest file:C:\Users\jiangkai\Documents\CodeProject\springCloldAlibabaStudy\nacos\data\protocol\raft\naming_instance_metadata\log/MANIFEST-000027 succeeded,manifest_file_number is 27, next_file_number is 30, last_sequence is 48, log_number is 0,prev_log_number is 0,max_column_family is 1,min_log_number_to_keep is 0
2022/09/26-14:39:10.754227 9a3c [db\version_set.cc:3732] Column family [default] (ID 0), log number is 26
2022/09/26-14:39:10.754232 9a3c [db\version_set.cc:3732] Column family [Configuration] (ID 1), log number is 26
2022/09/26-14:39:10.755270 9a3c EVENT_LOG_v1 {"time_micros": 1664174350755259, "job": 1, "event": "recovery_started", "log_files": [29]}
2022/09/26-14:39:10.755293 9a3c [db\db_impl_open.cc:578] Recovering log #29 mode 2
2022/09/26-14:39:10.759208 9a3c EVENT_LOG_v1 {"time_micros": 1664174350759184, "cf_name": "default", "job": 1, "event": "table_file_creation", "file_number": 30, "file_size": 747, "table_properties": {"data_size": 0, "index_size": 13, "filter_size": 0, "raw_key_size": 32, "raw_average_key_size": 0, "raw_value_size": 16, "raw_average_value_size": 0, "num_data_blocks": 0, "num_entries": 0, "filter_policy_name": ""}}
2022/09/26-14:39:10.762784 9a3c [db\version_set.cc:3037] Creating manifest 31
2022/09/26-14:39:10.772891 9a3c EVENT_LOG_v1 {"time_micros": 1664174350772868, "cf_name": "Configuration", "job": 1, "event": "table_file_creation", "file_number": 32, "file_size": 877, "table_properties": {"data_size": 44, "index_size": 49, "filter_size": 0, "raw_key_size": 58, "raw_average_key_size": 58, "raw_value_size": 24, "raw_average_value_size": 24, "num_data_blocks": 1, "num_entries": 1, "filter_policy_name": ""}}
2022/09/26-14:39:10.777144 9a3c EVENT_LOG_v1 {"time_micros": 1664174350777131, "job": 1, "event": "recovery_finished"}
2022/09/26-14:39:10.786372 9a3c [db\db_impl_open.cc:1314] DB pointer 0000013D75C24FF0
2022/09/26-14:39:10.786904 9c94 [WARN] [db\db_impl.cc:669] ------- DUMPING STATS -------
2022/09/26-14:39:10.786932 9c94 [WARN] [db\db_impl.cc:670] 
** DB Stats **
Uptime(secs): 0.0 total, 0.0 interval
Cumulative writes: 0 writes, 0 keys, 0 commit groups, 0.0 writes per commit group, ingest: 0.00 GB, 0.00 MB/s
Cumulative WAL: 0 writes, 0 syncs, 0.00 writes per sync, written: 0.00 GB, 0.00 MB/s
Cumulative stall: 00:00:0.000 H:M:S, 0.0 percent
Interval writes: 0 writes, 0 keys, 0 commit groups, 0.0 writes per commit group, ingest: 0.00 MB, 0.00 MB/s
Interval WAL: 0 writes, 0 syncs, 0.00 writes per sync, written: 0.00 MB, 0.00 MB/s
Interval stall: 00:00:0.000 H:M:S, 0.0 percent

** Compaction Stats [default] **
Level    Files   Size     Score Read(GB)  Rn(GB) Rnp1(GB) Write(GB) Wnew(GB) Moved(GB) W-Amp Rd(MB/s) Wr(MB/s) Comp(sec) Comp(cnt) Avg(sec) KeyIn KeyDrop
----------------------------------------------------------------------------------------------------------------------------------------------------------
  L0      7/0    5.57 KB   0.7      0.0     0.0      0.0       0.0      0.0       0.0   1.0      0.0      0.2         0         1    0.003       0      0
 Sum      7/0    5.57 KB   0.0      0.0     0.0      0.0       0.0      0.0       0.0   1.0      0.0      0.2         0         1    0.003       0      0
 Int      0/0    0.00 KB   0.0      0.0     0.0      0.0       0.0      0.0       0.0   1.0      0.0      0.2         0         1    0.003       0      0
Uptime(secs): 0.0 total, 0.0 interval
Flush(GB): cumulative 0.000, interval 0.000
AddFile(GB): cumulative 0.000, interval 0.000
AddFile(Total Files): cumulative 0, interval 0
AddFile(L0 Files): cumulative 0, interval 0
AddFile(Keys): cumulative 0, interval 0
Cumulative compaction: 0.00 GB write, 0.02 MB/s write, 0.00 GB read, 0.00 MB/s read, 0.0 seconds
Interval compaction: 0.00 GB write, 0.02 MB/s write, 0.00 GB read, 0.00 MB/s read, 0.0 seconds
Stalls(count): 0 level0_slowdown, 0 level0_slowdown_with_compaction, 0 level0_numfiles, 0 level0_numfiles_with_compaction, 0 stop for pending_compaction_bytes, 0 slowdown for pending_compaction_bytes, 0 memtable_compaction, 0 memtable_slowdown, interval 0 total count

** File Read Latency Histogram By Level [default] **
** Level 0 read latency histogram (micros):
Count: 38 Average: 39.5789  StdDev: 80.03
Min: 2  Median: 3.7500  Max: 279
Percentiles: P50: 3.75 P75: 8.00 P99: 279.00 P99.9: 279.00 P99.99: 279.00
------------------------------------------------------
(       1,       2 ]        2   5.263%   5.263% #
(       2,       3 ]       11  28.947%  34.211% ######
(       3,       4 ]        8  21.053%  55.263% ####
(       4,       6 ]        6  15.789%  71.053% ###
(       6,      10 ]        3   7.895%  78.947% ##
(      22,      34 ]        1   2.632%  81.579% #
(      34,      51 ]        1   2.632%  84.211% #
(     110,     170 ]        1   2.632%  86.842% #
(     170,     250 ]        3   7.895%  94.737% ##
(     250,     380 ]        2   5.263% 100.000% #


** Compaction Stats [Configuration] **
Level    Files   Size     Score Read(GB)  Rn(GB) Rnp1(GB) Write(GB) Wnew(GB) Moved(GB) W-Amp Rd(MB/s) Wr(MB/s) Comp(sec) Comp(cnt) Avg(sec) KeyIn KeyDrop
----------------------------------------------------------------------------------------------------------------------------------------------------------
  L0      7/0    5.89 KB   0.7      0.0     0.0      0.0       0.0      0.0       0.0   1.0      0.0      0.2         0         1    0.004       0      0
 Sum      7/0    5.89 KB   0.0      0.0     0.0      0.0       0.0      0.0       0.0   1.0      0.0      0.2         0         1    0.004       0      0
 Int      0/0    0.00 KB   0.0      0.0     0.0      0.0       0.0      0.0       0.0   1.0      0.0      0.2         0         1    0.004       0      0
Uptime(secs): 0.0 total, 0.0 interval
Flush(GB): cumulative 0.000, interval 0.000
AddFile(GB): cumulative 0.000, interval 0.000
AddFile(Total Files): cumulative 0, interval 0
AddFile(L0 Files): cumulative 0, interval 0
AddFile(Keys): cumulative 0, interval 0
Cumulative compaction: 0.00 GB write, 0.02 MB/s write, 0.00 GB read, 0.00 MB/s read, 0.0 seconds
Interval compaction: 0.00 GB write, 0.02 MB/s write, 0.00 GB read, 0.00 MB/s read, 0.0 seconds
Stalls(count): 0 level0_slowdown, 0 level0_slowdown_with_compaction, 0 level0_numfiles, 0 level0_numfiles_with_compaction, 0 stop for pending_compaction_bytes, 0 slowdown for pending_compaction_bytes, 0 memtable_compaction, 0 memtable_slowdown, interval 0 total count

** File Read Latency Histogram By Level [Configuration] **
** Level 0 read latency histogram (micros):
Count: 47 Average: 31.8085  StdDev: 74.92
Min: 2  Median: 3.9444  Max: 298
Percentiles: P50: 3.94 P75: 6.25 P99: 298.00 P99.9: 298.00 P99.99: 298.00
------------------------------------------------------
(       1,       2 ]        7  14.894%  14.894% ###
(       2,       3 ]        8  17.021%  31.915% ###
(       3,       4 ]        9  19.149%  51.064% ####
(       4,       6 ]       11  23.404%  74.468% #####
(       6,      10 ]        4   8.511%  82.979% ##
(      10,      15 ]        1   2.128%  85.106% 
(      22,      34 ]        1   2.128%  87.234% 
(     110,     170 ]        3   6.383%  93.617% #
(     250,     380 ]        3   6.383% 100.000% #


** Compaction Stats [default] **
Level    Files   Size     Score Read(GB)  Rn(GB) Rnp1(GB) Write(GB) Wnew(GB) Moved(GB) W-Amp Rd(MB/s) Wr(MB/s) Comp(sec) Comp(cnt) Avg(sec) KeyIn KeyDrop
----------------------------------------------------------------------------------------------------------------------------------------------------------
  L0      7/0    5.57 KB   0.7      0.0     0.0      0.0       0.0      0.0       0.0   1.0      0.0      0.2         0         1    0.003       0      0
 Sum      7/0    5.57 KB   0.0      0.0     0.0      0.0       0.0      0.0       0.0   1.0      0.0      0.2         0         1    0.003       0      0
 Int      0/0    0.00 KB   0.0      0.0     0.0      0.0       0.0      0.0       0.0   0.0      0.0      0.0         0         0    0.000       0      0
Uptime(secs): 0.0 total, 0.0 interval
Flush(GB): cumulative 0.000, interval 0.000
AddFile(GB): cumulative 0.000, interval 0.000
AddFile(Total Files): cumulative 0, interval 0
AddFile(L0 Files): cumulative 0, interval 0
AddFile(Keys): cumulative 0, interval 0
Cumulative compaction: 0.00 GB write, 0.02 MB/s write, 0.00 GB read, 0.00 MB/s read, 0.0 seconds
Interval compaction: 0.00 GB write, 0.00 MB/s write, 0.00 GB read, 0.00 MB/s read, 0.0 seconds
Stalls(count): 0 level0_slowdown, 0 level0_slowdown_with_compaction, 0 level0_numfiles, 0 level0_numfiles_with_compaction, 0 stop for pending_compaction_bytes, 0 slowdown for pending_compaction_bytes, 0 memtable_compaction, 0 memtable_slowdown, interval 0 total count

** File Read Latency Histogram By Level [default] **
** Level 0 read latency histogram (micros):
Count: 38 Average: 39.5789  StdDev: 80.03
Min: 2  Median: 3.7500  Max: 279
Percentiles: P50: 3.75 P75: 8.00 P99: 279.00 P99.9: 279.00 P99.99: 279.00
------------------------------------------------------
(       1,       2 ]        2   5.263%   5.263% #
(       2,       3 ]       11  28.947%  34.211% ######
(       3,       4 ]        8  21.053%  55.263% ####
(       4,       6 ]        6  15.789%  71.053% ###
(       6,      10 ]        3   7.895%  78.947% ##
(      22,      34 ]        1   2.632%  81.579% #
(      34,      51 ]        1   2.632%  84.211% #
(     110,     170 ]        1   2.632%  86.842% #
(     170,     250 ]        3   7.895%  94.737% ##
(     250,     380 ]        2   5.263% 100.000% #


** Compaction Stats [Configuration] **
Level    Files   Size     Score Read(GB)  Rn(GB) Rnp1(GB) Write(GB) Wnew(GB) Moved(GB) W-Amp Rd(MB/s) Wr(MB/s) Comp(sec) Comp(cnt) Avg(sec) KeyIn KeyDrop
----------------------------------------------------------------------------------------------------------------------------------------------------------
  L0      7/0    5.89 KB   0.7      0.0     0.0      0.0       0.0      0.0       0.0   1.0      0.0      0.2         0         1    0.004       0      0
 Sum      7/0    5.89 KB   0.0      0.0     0.0      0.0       0.0      0.0       0.0   1.0      0.0      0.2         0         1    0.004       0      0
 Int      0/0    0.00 KB   0.0      0.0     0.0      0.0       0.0      0.0       0.0   0.0      0.0      0.0         0         0    0.000       0      0
Uptime(secs): 0.0 total, 0.0 interval
Flush(GB): cumulative 0.000, interval 0.000
AddFile(GB): cumulative 0.000, interval 0.000
AddFile(Total Files): cumulative 0, interval 0
AddFile(L0 Files): cumulative 0, interval 0
AddFile(Keys): cumulative 0, interval 0
Cumulative compaction: 0.00 GB write, 0.02 MB/s write, 0.00 GB read, 0.00 MB/s read, 0.0 seconds
Interval compaction: 0.00 GB write, 0.00 MB/s write, 0.00 GB read, 0.00 MB/s read, 0.0 seconds
Stalls(count): 0 level0_slowdown, 0 level0_slowdown_with_compaction, 0 level0_numfiles, 0 level0_numfiles_with_compaction, 0 stop for pending_compaction_bytes, 0 slowdown for pending_compaction_bytes, 0 memtable_compaction, 0 memtable_slowdown, interval 0 total count

** File Read Latency Histogram By Level [Configuration] **
** Level 0 read latency histogram (micros):
Count: 47 Average: 31.8085  StdDev: 74.92
Min: 2  Median: 3.9444  Max: 298
Percentiles: P50: 3.94 P75: 6.25 P99: 298.00 P99.9: 298.00 P99.99: 298.00
------------------------------------------------------
(       1,       2 ]        7  14.894%  14.894% ###
(       2,       3 ]        8  17.021%  31.915% ###
(       3,       4 ]        9  19.149%  51.064% ####
(       4,       6 ]       11  23.404%  74.468% #####
(       6,      10 ]        4   8.511%  82.979% ##
(      10,      15 ]        1   2.128%  85.106% 
(      22,      34 ]        1   2.128%  87.234% 
(     110,     170 ]        3   6.383%  93.617% #
(     250,     380 ]        3   6.383% 100.000% #

2022/09/26-14:39:10.787645 9c94 [WARN] [db\db_impl.cc:617] STATISTICS:
 rocksdb.block.cache.miss COUNT : 34
rocksdb.block.cache.hit COUNT : 12
rocksdb.block.cache.add COUNT : 33
rocksdb.block.cache.add.failures COUNT : 0
rocksdb.block.cache.index.miss COUNT : 12
rocksdb.block.cache.index.hit COUNT : 12
rocksdb.block.cache.index.add COUNT : 12
rocksdb.block.cache.index.bytes.insert COUNT : 1224
rocksdb.block.cache.index.bytes.evict COUNT : 0
rocksdb.block.cache.filter.miss COUNT : 0
rocksdb.block.cache.filter.hit COUNT : 0
rocksdb.block.cache.filter.add COUNT : 0
rocksdb.block.cache.filter.bytes.insert COUNT : 0
rocksdb.block.cache.filter.bytes.evict COUNT : 0
rocksdb.block.cache.data.miss COUNT : 22
rocksdb.block.cache.data.hit COUNT : 0
rocksdb.block.cache.data.add COUNT : 22
rocksdb.block.cache.data.bytes.insert COUNT : 3033
rocksdb.block.cache.bytes.read COUNT : 1224
rocksdb.block.cache.bytes.write COUNT : 4257
rocksdb.bloom.filter.useful COUNT : 0
rocksdb.bloom.filter.full.positive COUNT : 0
rocksdb.bloom.filter.full.true.positive COUNT : 0
rocksdb.persistent.cache.hit COUNT : 0
rocksdb.persistent.cache.miss COUNT : 0
rocksdb.sim.block.cache.hit COUNT : 0
rocksdb.sim.block.cache.miss COUNT : 0
rocksdb.memtable.hit COUNT : 0
rocksdb.memtable.miss COUNT : 0
rocksdb.l0.hit COUNT : 0
rocksdb.l1.hit COUNT : 0
rocksdb.l2andup.hit COUNT : 0
rocksdb.compaction.key.drop.new COUNT : 0
rocksdb.compaction.key.drop.obsolete COUNT : 0
rocksdb.compaction.key.drop.range_del COUNT : 0
rocksdb.compaction.key.drop.user COUNT : 0
rocksdb.compaction.range_del.drop.obsolete COUNT : 0
rocksdb.compaction.optimized.del.drop.obsolete COUNT : 0
rocksdb.compaction.cancelled COUNT : 0
rocksdb.number.keys.written COUNT : 0
rocksdb.number.keys.read COUNT : 0
rocksdb.number.keys.updated COUNT : 0
rocksdb.bytes.written COUNT : 0
rocksdb.bytes.read COUNT : 0
rocksdb.number.db.seek COUNT : 2
rocksdb.number.db.next COUNT : 1
rocksdb.number.db.prev COUNT : 0
rocksdb.number.db.seek.found COUNT : 1
rocksdb.number.db.next.found COUNT : 0
rocksdb.number.db.prev.found COUNT : 0
rocksdb.db.iter.bytes.read COUNT : 26
rocksdb.no.file.closes COUNT : 0
rocksdb.no.file.opens COUNT : 14
rocksdb.no.file.errors COUNT : 0
rocksdb.l0.slowdown.micros COUNT : 0
rocksdb.memtable.compaction.micros COUNT : 0
rocksdb.l0.num.files.stall.micros COUNT : 0
rocksdb.stall.micros COUNT : 0
rocksdb.db.mutex.wait.micros COUNT : 0
rocksdb.rate.limit.delay.millis COUNT : 0
rocksdb.num.iterators COUNT : 0
rocksdb.number.multiget.get COUNT : 0
rocksdb.number.multiget.keys.read COUNT : 0
rocksdb.number.multiget.bytes.read COUNT : 0
rocksdb.number.deletes.filtered COUNT : 0
rocksdb.number.merge.failures COUNT : 0
rocksdb.bloom.filter.prefix.checked COUNT : 0
rocksdb.bloom.filter.prefix.useful COUNT : 0
rocksdb.number.reseeks.iteration COUNT : 0
rocksdb.getupdatessince.calls COUNT : 0
rocksdb.block.cachecompressed.miss COUNT : 0
rocksdb.block.cachecompressed.hit COUNT : 0
rocksdb.block.cachecompressed.add COUNT : 0
rocksdb.block.cachecompressed.add.failures COUNT : 0
rocksdb.wal.synced COUNT : 0
rocksdb.wal.bytes COUNT : 0
rocksdb.write.self COUNT : 0
rocksdb.write.other COUNT : 0
rocksdb.write.timeout COUNT : 0
rocksdb.write.wal COUNT : 0
rocksdb.compact.read.bytes COUNT : 0
rocksdb.compact.write.bytes COUNT : 1624
rocksdb.flush.write.bytes COUNT : 0
rocksdb.number.direct.load.table.properties COUNT : 0
rocksdb.number.superversion_acquires COUNT : 2
rocksdb.number.superversion_releases COUNT : 0
rocksdb.number.superversion_cleanups COUNT : 0
rocksdb.number.block.compressed COUNT : 1
rocksdb.number.block.decompressed COUNT : 2
rocksdb.number.block.not_compressed COUNT : 0
rocksdb.merge.operation.time.nanos COUNT : 0
rocksdb.filter.operation.time.nanos COUNT : 0
rocksdb.row.cache.hit COUNT : 0
rocksdb.row.cache.miss COUNT : 0
rocksdb.read.amp.estimate.useful.bytes COUNT : 0
rocksdb.read.amp.total.read.bytes COUNT : 0
rocksdb.number.rate_limiter.drains COUNT : 0
rocksdb.number.iter.skip COUNT : 12
rocksdb.blobdb.num.put COUNT : 0
rocksdb.blobdb.num.write COUNT : 0
rocksdb.blobdb.num.get COUNT : 0
rocksdb.blobdb.num.multiget COUNT : 0
rocksdb.blobdb.num.seek COUNT : 0
rocksdb.blobdb.num.next COUNT : 0
rocksdb.blobdb.num.prev COUNT : 0
rocksdb.blobdb.num.keys.written COUNT : 0
rocksdb.blobdb.num.keys.read COUNT : 0
rocksdb.blobdb.bytes.written COUNT : 0
rocksdb.blobdb.bytes.read COUNT : 0
rocksdb.blobdb.write.inlined COUNT : 0
rocksdb.blobdb.write.inlined.ttl COUNT : 0
rocksdb.blobdb.write.blob COUNT : 0
rocksdb.blobdb.write.blob.ttl COUNT : 0
rocksdb.blobdb.blob.file.bytes.written COUNT : 0
rocksdb.blobdb.blob.file.bytes.read COUNT : 0
rocksdb.blobdb.blob.file.synced COUNT : 0
rocksdb.blobdb.blob.index.expired.count COUNT : 0
rocksdb.blobdb.blob.index.expired.size COUNT : 0
rocksdb.blobdb.blob.index.evicted.count COUNT : 0
rocksdb.blobdb.blob.index.evicted.size COUNT : 0
rocksdb.blobdb.gc.num.files COUNT : 0
rocksdb.blobdb.gc.num.new.files COUNT : 0
rocksdb.blobdb.gc.failures COUNT : 0
rocksdb.blobdb.gc.num.keys.overwritten COUNT : 0
rocksdb.blobdb.gc.num.keys.expired COUNT : 0
rocksdb.blobdb.gc.num.keys.relocated COUNT : 0
rocksdb.blobdb.gc.bytes.overwritten COUNT : 0
rocksdb.blobdb.gc.bytes.expired COUNT : 0
rocksdb.blobdb.gc.bytes.relocated COUNT : 0
rocksdb.blobdb.fifo.num.files.evicted COUNT : 0
rocksdb.blobdb.fifo.num.keys.evicted COUNT : 0
rocksdb.blobdb.fifo.bytes.evicted COUNT : 0
rocksdb.txn.overhead.mutex.prepare COUNT : 0
rocksdb.txn.overhead.mutex.old.commit.map COUNT : 0
rocksdb.txn.overhead.duplicate.key COUNT : 0
rocksdb.txn.overhead.mutex.snapshot COUNT : 0
rocksdb.number.multiget.keys.found COUNT : 0
rocksdb.num.iterator.created COUNT : 2
rocksdb.num.iterator.deleted COUNT : 2
rocksdb.db.get.micros P50 : 0.000000 P95 : 0.000000 P99 : 0.000000 P100 : 0.000000 COUNT : 0 SUM : 0
rocksdb.db.write.micros P50 : 0.000000 P95 : 0.000000 P99 : 0.000000 P100 : 0.000000 COUNT : 0 SUM : 0
rocksdb.compaction.times.micros P50 : 0.000000 P95 : 0.000000 P99 : 0.000000 P100 : 0.000000 COUNT : 0 SUM : 0
rocksdb.subcompaction.setup.times.micros P50 : 0.000000 P95 : 0.000000 P99 : 0.000000 P100 : 0.000000 COUNT : 0 SUM : 0
